STARLINK-11550 [DTC]
1 63052U 25035A   25323.24818672  .00141223  00000+0  10831-2 0  9991
2 63052  42.9997 320.8395 0001753 244.1198 115.9489 15.70891072 43850
STARLINK-5418
1 54852U 22177AJ  25321.47860460  .00001048  00000+0  92658-4 0  9997
2 54852  43.0061  10.2293 0001439 268.8240  91.2437 15.02540596160228
STARLINK-31851
1 59844U 24097K   25322.69535435  .00000113  00000+0  13620-4 0  9996
2 59844  43.0017 181.0255 0001053 270.6758  89.3973 15.27569495 84940
STARLINK-32752
1 62567U 25006P   25323.33336806 -.00016375  00000+0 -58653-3 0  9999
2 62567  42.9992 195.8947 0001752 270.7728 105.9879 15.27596236  5789
STARLINK-30860
1 58234U 23171E   25323.27179488 -.00000497  00000+0 -21750-4 0  9997
2 58234  43.0029 166.1603 0001167 273.5401  86.5308 15.02540690113111
STARLINK-5189
1 54052U 22136B   25322.71057519 -.00001315  00000+0 -64569-4 0  9994
2 54052  53.2168  82.1387 0001212  83.9977 276.1153 15.08826639170653
STARLINK-35414
1 65798U 25218H   25323.19929610  .00007410  00000+0  51735-3 0  9990
2 65798  97.6020 184.0359 0002246  85.2821 274.8663 15.05638152  8348
STARLINK-3048
1 49148U 21082U   25323.04988545 -.00006854  00000+0 -57871-3 0  9992
2 49148  69.9983 193.8373 0002568 267.5474  92.5391 14.97557268229884
STARLINK-4656
1 53745U 22107AX  25322.94980648 -.00001027  00000+0 -46447-4 0  9998
2 53745  53.2185  41.3798 0001404  95.9760 264.1392 15.08843970177879
STARLINK-34239
1 64728U 25144E   25323.30751640  .00029542  00000+0  10049-2 0  9991
2 64728  53.1607 333.6294 0001606  95.5944 264.5240 15.30222263 22812
STARLINK-11541 [DTC]
1 63015U 25032L   25323.22433845  .00230789  00000+0  17492-2 0  9996
2 63015  42.9986 140.9037 0000856 313.6265  46.4531 15.70885667 44851
STARLINK-31485
1 59308U 24056N   25323.20216168  .00000713  00000+0  35439-4 0  9991
2 59308  42.9985 134.9452 0001096 256.6027 103.4702 15.27560968 94252
STARLINK-31982
1 60022U 24111G   25323.01477622  .00002916  00000+0  11057-3 0  9997
2 60022  53.1607 229.3523 0001408  73.4328 286.6827 15.30191603 82109
STARLINK-4211
1 52873U 22062AV  25322.93598437  .00000321  00000+0  38266-4 0  9993
2 52873  53.2157 151.3128 0000912  91.8509 268.2588 15.08840493189341
STARLINK-4438
1 53682U 22105AL  25323.25168496  .00008852  00000+0  61663-3 0  9997
2 53682  97.6011 202.3153 0002535  81.1269 279.0244 15.05668182176686
STARLINK-4590
1 53606U 22104U   25322.87160506 -.00001867  00000+0 -99238-4 0  9994
2 53606  53.2210  11.7151 0001891  88.4839 271.6369 15.08839550178903
STARLINK-34371
1 64756U 25147B   25322.62083179  .00032113  00000+0  10915-2 0  9994
2 64756  53.1605  38.8672 0001784  81.3659 278.7544 15.30206651 21690
STARLINK-35633
1 66162U 25240S   25323.17072789  .00044117  00000+0  79579-3 0  9996
2 66162  53.1606 217.1305 0000938  92.8577 267.2539 15.49345580  5059
STARLINK-1676
1 46556U 20070AA  25323.25125876  .00088730  00000+0  29624-2 0  9996
2 46556  53.0551 307.2089 0005446  48.3061 311.8404 15.30296254282939
STARLINK-35246
1 65660U 25211J   25323.11618746  .00004543  00000+0  31888-3 0  9999
2 65660  97.6079   5.0669 0002057  83.8972 276.2489 15.05650737 10402
STARLINK-5328
1 55657U 23021AF  25322.48827329  .00000738  00000+0  69654-4 0  9994
2 55657  69.9991  84.9956 0002982 274.9885  85.0933 14.98335767152625
STARLINK-33767
1 63722U 25087AB  25322.53913322  .00037746  00000+0  12800-2 0  9993
2 63722  53.1607  15.7157 0001582 102.3935 257.7243 15.30202298 32185
STARLINK-32351
1 61529U 24183W   25323.24514301 -.00000063  00000+0  10021-4 0  9993
2 61529  53.1634 292.5706 0001647 104.0483 256.0701 15.30195299 62784
STARLINK-31370
1 59520U 24073K   25322.99254483  .00003212  00000+0  12621-3 0  9997
2 59520  42.9994 223.3762 0001098 227.7989 132.2770 15.27573588 89243
STARLINK-31621
1 59465U 24068L   25323.20100019  .00001339  00000+0  58195-4 0  9994
2 59465  43.0090 298.6256 0002727 281.8563  78.1983 15.27579532 91626
STARLINK-34333
1 64264U 25120J   25323.13505462  .00030218  00000+0  10285-2 0  9994
2 64264  53.1591 269.9344 0001684  92.7824 267.3369 15.30190990 26940
STARLINK-35612
1 66128U 25237Q   25323.00002315  .00038128  00000+0  95903-3 0  9998
2 66128  53.1597 199.4912 0001262  96.8492 230.5887 15.39600827  5660
STARLINK-5128
1 53998U 22125AL  25323.25243909  .00000539  00000+0  51977-4 0  9994
2 53998  53.2188 349.6541 0001470  98.2179 261.8980 15.08840853172795
STARLINK-32625
1 62154U 24224R   25322.70995093  .00019859  00000+0  72943-3 0  9997
2 62154  43.0001  65.1519 0002743 250.6416 109.4139 15.27570003 55394
STARLINK-31021
1 58518U 23191L   25321.78869878  .00001068  00000+0  94143-4 0  9996
2 58518  43.0029 353.5652 0001006 263.1496  96.9232 15.02532955108618
STARLINK-30368
1 57752U 23131W   25323.13610209 -.00000543  00000+0 -25120-4 0  9990
2 57752  43.0042  52.5062 0001132 278.2241  81.8473 15.02536710123292
STARLINK-34026
1 63842U 25093G   25322.75578196  .00032435  00000+0  11829-2 0  9993
2 63842  42.9993 344.6314 0001498 276.8332  83.2349 15.27583215 30785
STARLINK-32711
1 62435U 24251D   25322.82761704  .00044324  00000+0  14988-2 0  9991
2 62435  53.1570 130.3378 0000645 102.7329 257.3744 15.30220074 50974
STARLINK-4659
1 54841U 22177X   25322.84108811  .00005197  00000+0  39949-3 0  9994
2 54841  43.0054  15.4062 0001379 267.0896  92.9788 15.02539870160286
STARLINK-1524
1 46047U 20055W   25323.07056069 -.00002438  00000+0 -14487-3 0  9996
2 46047  53.0550 253.2072 0001410  79.5688 280.5460 15.06389318292351
STARLINK-11167 [DTC]
1 60061U 24113C   25322.85845874  .00000296  00000+0  73088-5 0  9994
2 60061  53.1599  17.5871 0001562  72.9529 287.1660 15.69714752 82450
STARLINK-3200
1 49753U 21115AF  25323.16829268  .00002045  00000+0  14654-3 0  9998
2 49753  53.2176 285.2694 0001561  84.8602 275.2569 15.08840585218855
STARLINK-3394
1 51118U 22005Q   25322.99717344 -.00000857  00000+0 -35748-4 0  9995
2 51118  53.2185  66.0373 0002070  91.2086 268.9143 15.08833849212166
STARLINK-35065
1 65441U 25194H   25323.16269742  .00008008  00000+0  55853-3 0  9997
2 65441  97.6009 175.3988 0001610  87.6828 272.4583 15.05652763 13017
STARLINK-30988
1 58529U 23191X   25321.80534638 -.00000501  00000+0 -21987-4 0  9993
2 58529  43.0064 353.7029 0000762 285.2349  74.8409 15.02538121108611
STARLINK-4645
1 53743U 22107AV  25322.61492613  .00002037  00000+0  14610-3 0  9996
2 53743  53.2213  42.8399 0001784  97.3406 262.7789 15.08826233177828
STARLINK-4333
1 53088U 22077AX  25323.07022705 -.00000059  00000+0 -74510-7 0  9999
2 53088  97.6024 141.9091 0001179 195.0108 165.1082 15.01264317184322
STARLINK-30580
1 58115U 23161U   25323.23573996  .00002449  00000+0  94798-4 0  9991
2 58115  53.1606 318.3451 0001255  95.8409 264.2734 15.30194363117514
STARLINK-6287
1 56404U 23061AG  25323.00506780 -.00003148  00000+0 -21796-3 0  9997
2 56404  43.0040  65.9971 0001491 264.9036  95.1637 15.02551629140253
STARLINK-11412 [DTC]
1 63062U 25035L   25323.26410882  .00267860  00000+0  20159-2 0  9995
2 63062  42.9988 320.9599 0001085 235.6701 124.4064 15.70940324 43850
STARLINK-4720
1 53800U 22111AD  25322.91297456 -.00000130  00000+0  99416-5 0  9998
2 53800  53.2185  41.3605 0001472 103.9933 256.1223 15.08849455177097
STARLINK-32606
1 61978U 24210V   25323.06355120  .00024059  00000+0  88090-3 0  9994
2 61978  43.0028  84.3659 0001803 270.5068  89.5577 15.27581241 57969
STARLINK-31643
1 59388U 24062Q   25322.94479954 -.00000656  00000+0 -10026-4 0  9993
2 59388  53.1623  50.2200 0001024 107.3601 252.7512 15.30203664 92712
STARLINK-32411
1 61547U 24184R   25322.57227221 -.00000246  00000+0  38255-5 0  9994
2 61547  53.1578 170.1229 0001847  82.0178 278.1033 15.30183834 61492
STARLINK-31952
1 59867U 24098K   25322.91932547  .00000638  00000+0  32717-4 0  9992
2 59867  43.0006 183.7073 0001440 272.7490  87.3197 15.27574643 84909
STARLINK-35216
1 65516U 25198AA  25323.01106749  .00058656  00000+0  14638-2 0  9994
2 65516  53.1595  70.1305 0001783  79.2598 280.8608 15.39647178 11609
STARLINK-33669
1 63283U 25053U   25323.22250495  .00028791  00000+0  10516-2 0  9992
2 63283  42.9961 145.2280 0001268 320.4419  39.6340 15.27582806 39301
STARLINK-35239
1 65623U 25210B   25322.79166178  .00045435  00000+0  11375-2 0  9990
2 65623  53.1562 102.0786 0002655  81.6013 278.5293 15.39661113 10752
STARLINK-11090 [DTC]
1 59422U 24065B   25323.16028597  .00000632  00000+0  10073-4 0  9997
2 59422  53.1593 278.7221 0001248  93.2639 266.8521 15.69720271 94177
STARLINK-4469
1 53657U 22105K   25323.22864262  .00004201  00000+0  24581-4 0  9993
2 53657  97.6486 212.0992 0001587 109.4813 250.6625 15.79060413177265
STARLINK-11085 [DTC]
1 59425U 24065E   25323.15538701  .00000088  00000+0  55874-5 0  9996
2 59425  53.1594 278.6877 0001149  85.5493 274.5656 15.69713008 94118
STARLINK-34734
1 65696U 25212W   25323.21837483  .00025652  00000+0  87519-3 0  9997
2 65696  53.1591 138.5326 0001292  81.4444 278.6703 15.30201270 10336
STARLINK-30898
1 58387U 23178P   25322.57279636 -.00001981  00000+0 -54800-4 0  9992
2 58387  53.1578 157.4448 0001019  92.8174 267.2944 15.30191091112870
STARLINK-11227 [DTC]
1 60303U 24133C   25323.29314080  .00009956  00000+0  86893-4 0  9993
2 60303  53.1572 330.5450 0001599  92.8421 267.2780 15.69723743 76470
STARLINK-32465
1 61716U 24196K   25323.11819169  .00000315  00000+0  22769-4 0  9992
2 61716  53.1622 255.2157 0001151  92.7615 267.3518 15.30186239 60227
STARLINK-5220
1 54760U 22175C   25322.91854083  .00000504  00000+0  49763-4 0  9992
2 54760  53.2159 181.5847 0001869 100.7747 259.3456 15.08843537163191
STARLINK-3647
1 51994U 22025AQ  25322.58040675 -.00006619  00000+0 -39791-3 0  9993
2 51994  53.2154 157.9092 0001175  99.0080 261.1045 15.08863243204143
STARLINK-11104 [DTC]
1 59763U 24091L   25322.56824697  .00000748  00000+0  11032-4 0  9996
2 59763  53.1601  33.8168 0001264  72.0692 288.0464 15.69709217 88067
STARLINK-34532
1 64607U 25137P   25323.18887646  .00024608  00000+0  83991-3 0  9996
2 64607  53.1579 138.6561 0000968  84.2468 275.8644 15.30212472 23671
STARLINK-33663
1 63652U 25083U   25323.15068399  .00023370  00000+0  85559-3 0  9995
2 63652  43.0013 269.2647 0001685 281.9544  78.1119 15.27598092 33162
STARLINK-4157
1 53035U 22076BB  25322.93047183  .00001938  00000+0  13983-3 0  9999
2 53035  53.2158 211.3383 0001858  88.2811 271.8394 15.08842008186402
STARLINK-6043
1 56464U 23064S   25322.43795073  .00000135  00000+0  19096-4 0  9999
2 56464  70.0000  64.8804 0002969 270.9429  89.1389 14.98328191138582
STARLINK-33910
1 63916U 25095AC  25322.73961677  .00037392  00000+0  13606-2 0  9997
2 63916  43.0042  82.4341 0001561 284.3560  75.7119 15.27599813 30815
STARLINK-3817
1 52367U 22045AN  25323.29340586  .00001290  00000+0  99134-4 0  9999
2 52367  53.2181 324.7078 0001247  86.5746 273.5389 15.08839378199251
STARLINK-32244
1 60411U 24141P   25322.62817467  .00003150  00000+0  11845-3 0  9999
2 60411  53.1610  38.6676 0001182 115.7296 244.3827 15.30195316 72574
STARLINK-5910
1 56000U 23042Q   25322.00621709 -.00003804  00000+0 -26655-3 0  9994
2 56000  43.0092 302.6821 0002310 283.2910  76.7675 15.02550184146116
STARLINK-32692
1 62422U 24249P   25323.00494889  .00021910  00000+0  80285-3 0  9992
2 62422  43.0041 227.1299 0001728 265.9647  94.1007 15.27601131 50798
STARLINK-3776
1 52288U 22041AD  25323.07720904 -.00002367  00000+0 -13066-3 0  9996
2 52288  53.2165 235.6773 0001513 100.2462 259.8701 15.08850745197807
STARLINK-11651 [DTC]
1 63664U 25085A   25322.78698258  .00162291  00000+0  12413-2 0  9995
2 63664  43.0025 226.5511 0001870 254.3060 105.7601 15.70887062 32817
STARLINK-6032
1 57371U 23099AV  25322.85105867 -.00001033  00000+0 -61440-4 0  9997
2 57371  43.0011 118.1998 0001120 273.4556  86.6158 15.02540354129596
STARLINK-4452
1 53658U 22105L   25323.24337094  .00002546  00000+0  18059-3 0  9996
2 53658  97.6007 202.4061 0001770  81.4895 278.6533 15.05650633176689
STARLINK-4303
1 53544U 22101T   25322.93507166  .00000258  00000+0  34289-4 0  9992
2 53544  53.2173 201.3182 0001117  98.8399 261.2720 15.08839001180258
STARLINK-5746
1 56926U 23083BC  25323.27454316  .00000932  00000+0  84061-4 0  9997
2 56926  43.0036 308.5209 0001082 272.6226  87.4493 15.02536176135214
STARLINK-32936
1 63147U 25043R   25323.18942667  .00023631  00000+0  86495-3 0  9992
2 63147  43.0005 287.1324 0001376 282.6564  77.4134 15.27600611 40382
STARLINK-32191
1 60314U 24133P   25322.79327901  .00000472  00000+0  28055-4 0  9995
2 60314  53.1604  92.0157 0000918  81.0092 279.1012 15.30193102 74667
STARLINK-3121
1 49428U 21104W   25322.83340288 -.00001152  00000+0 -54318-4 0  9990
2 49428  53.2201   6.6876 0001567  93.3109 266.8062 15.08839393221902
STARLINK-34556
1 64733U 25144K   25323.28904738  .00042059  00000+0  14227-2 0  9992
2 64733  53.1600 331.3850 0002427  92.5754 267.5525 15.30231337 22846
STARLINK-32577
1 62044U 24216N   25322.92494445  .00019406  00000+0  71260-3 0  9994
2 62044  42.9985 168.9510 0001192 274.8690  85.2026 15.27591843 56867
STARLINK-32768
1 62503U 25003S   25322.91532725  .00034190  00000+0  12462-2 0  9997
2 62503  42.9983 194.2521 0000544 241.0572 119.0226 15.27580086 49614
STARLINK-11381 [DTC]
1 62094U 24220G   25322.54431274  .00186423  00000+0  14183-2 0  9997
2 62094  42.9991 352.9546 0001701 249.1605 110.9081 15.70934798 57473
STARLINK-32437
1 63001U 25031W   25322.62071940  .00012905  00000+0  47731-3 0  9995
2 63001  43.0004  51.0313 0002337 252.6836 107.3760 15.27602473 44103
STARLINK-31055
1 58539U 23192J   25322.97951725 -.00001832  00000+0 -49719-4 0  9995
2 58539  53.1611 217.0871 0001512  69.2514 290.8649 15.30209978109036
STARLINK-33850
1 63679U 25085R   25323.20784095  .00036816  00000+0  13398-2 0  9990
2 63679  43.0020 294.8221 0001552 275.9019  84.1656 15.27603726 31964
STARLINK-34179
1 64103U 25110H   25322.88680183  .00026164  00000+0  89285-3 0  9992
2 64103  53.1588 181.7491 0001185  77.5705 282.5428 15.30183455 28919
STARLINK-31552
1 59356U 24060J   25322.95625625  .00011540  00000+0  42859-3 0  9995
2 59356  42.9999 165.5824 0000580 264.3590  95.7196 15.27550642 93124
STARLINK-5593
1 55763U 23028Y   25323.26525764 -.00000463  00000+0 -30988-4 0  9999
2 55763  69.9987 162.7148 0002689 271.1943  88.8908 14.98331891149504
STARLINK-11117 [DTC]
1 59761U 24091J   25322.89640250  .00000349  00000+0  77404-5 0  9994
2 59761  53.1605  32.3131 0001539  87.5857 272.5338 15.69712264 88112
STARLINK-4017
1 52682U 22053AC  25323.20003022  .00010695  00000+0  68886-3 0  9998
2 52682  53.2162 280.1274 0001223  88.4744 271.6388 15.08848389194475
STARLINK-32914
1 63086U 25037K   25323.28115168  .00007917  00000+0  67043-3 0  9993
2 63086  70.0020 272.8399 0002361 275.1226  84.9664 14.98337774 42063
STARLINK-30525
1 58012U 23153X   25322.95111514  .00002008  00000+0  16371-3 0  9991
2 58012  43.0065 310.8600 0001958 264.0848  95.9771 15.02534042118216
STARLINK-35115
1 65665U 25211P   25323.10234445  .00002433  00000+0  17278-3 0  9996
2 65665  97.6038   5.0850 0001460 102.2221 257.9170 15.05651289 10400
STARLINK-5708
1 55470U 23015X   25322.98429229  .00021089  00000+0  15712-2 0  9998
2 55470  43.0023 207.3080 0000897 261.1250  98.9491 15.02544317154109
STARLINK-4608
1 53621U 22104AK  25322.85686527 -.00000230  00000+0  36110-5 0  9998
2 53621  53.2180  11.6228 0001412  81.8361 278.2791 15.08841043178908
STARLINK-34326
1 64221U 25117U   25322.96843421  .00021020  00000+0  71967-3 0  9999
2 64221  53.1600 193.9014 0001177  75.7099 284.4033 15.30205959 27600
STARLINK-32642
1 62211U 24229V   25322.59579185  .00026632  00000+0  97328-3 0  9994
2 62211  43.0081 177.9007 0002781 296.6970  63.3597 15.27596042 53572
STARLINK-4679
1 53782U 22111K   25323.05927993  .00000822  00000+0  69725-4 0  9995
2 53782  53.2160  50.8357 0001535  89.1362 270.9806 15.08838781176998
STARLINK-11722 [DTC]
1 64128U 25111F   25323.20725381  .00212738  00000+0  16144-2 0  9994
2 64128  43.0015 279.7515 0002039 255.9017 104.1624 15.70912455 29216
STARLINK-5994
1 56457U 23064K   25322.98874154  .00009460  00000+0  80039-3 0  9993
2 56457  70.0003  63.5947 0003460 259.4449 100.6320 14.98289095138664
STARLINK-32604
1 62070U 24217P   25323.28180375  .00034103  00000+0  11574-2 0  9990
2 62070  53.1608 346.9994 0001871 130.7533 229.3630 15.30224262 56512
STARLINK-33642
1 63978U 25099AC  25323.33336806  .00054750  00000+0  19889-2 0  9992
2 63978  43.0028  75.9195 0001447 263.6571 306.1571 15.27505509  5720
STARLINK-4431
1 53486U 22099X   25323.25692082  .00000224  00000+0  21957-4 0  9992
2 53486  97.6040  82.0997 0001796 101.5574 258.5852 15.01259936179413
STARLINK-33672
1 63326U 25057V   25323.20907356  .00026805  00000+0  97942-3 0  9990
2 63326  43.0032 294.5320 0002346 272.3380  87.7203 15.27599826 38887
STARLINK-2039
1 47655U 21012AM  25322.94754472  .00006331  00000+0  44354-3 0  9994
2 47655  53.0542 208.7622 0001481  92.1882 267.9276 15.06402147263290
STARLINK-4662
1 53738U 22107AQ  25322.91663650 -.00002801  00000+0 -15792-3 0  9997
2 53738  53.2178  41.1728 0001397  87.6674 272.4478 15.08841979177725
STARLINK-32678
1 62309U 24239J   25323.25384368  .00030925  00000+0  10511-2 0  9992
2 62309  53.1595 334.2488 0001441 129.7484 230.3644 15.30224438 52659
STARLINK-34416
1 64619U 25137AB  25322.86442549  .00041964  00000+0  10525-2 0  9998
2 64619  53.1586 133.0881 0000462 100.5822 259.5235 15.39644809 23724
STARLINK-5363
1 55497U 23015BA  25322.71139933 -.00031444  00000+0 -23154-2 0  9995
2 55497  43.0025 221.6800 0002828 289.4993  70.5543 15.02655440153914
STARLINK-5634
1 55439U 23014BA  25323.24696154  .00001078  00000+0  98132-4 0  9990
2 55439  70.0006  22.9962 0002802 266.4176  93.6662 14.98329936154528
STARLINK-32866
1 62858U 25022E   25323.17566133  .00025941  00000+0  88535-3 0  9999
2 62858  53.1604 282.6783 0001276  93.5334 266.5813 15.30184649 44986
STARLINK-5600
1 57357U 23099AF  25323.14693299  .00001695  00000+0  14054-3 0  9995
2 57357  43.0028 116.9845 0001185 270.3372  89.7334 15.02533003129636
STARLINK-34335
1 64362U 25126U   25323.26075067  .00007744  00000+0  65611-3 0  9998
2 64362  70.0009 312.7664 0003074 272.9447  87.1361 14.98330545 24146
STARLINK-5599
1 55766U 23028AB  25323.20662041 -.00000151  00000+0 -48337-5 0  9998
2 55766  69.9999 143.0298 0003112 269.7144  90.3658 14.98330197149986
STARLINK-3511
1 51752U 22016AQ  25323.06986715 -.00001168  00000+0 -55305-4 0  9997
2 51752  53.2140  85.6450 0001330  83.6524 276.4620 15.08841011207005
STARLINK-1112
1 44925U 20001M   25323.33336806  .00152137  00000+0  19879-2 0  9998
2 44925  53.0483  73.1683 0002370 257.0343  30.9100 15.57658022  5844
STARLINK-31291
1 59096U 24041Y   25322.73827503  .00000331  00000+0  21573-4 0  9997
2 59096  43.0003 217.2278 0001335 278.1236  81.9464 15.27572819 97309
STARLINK-33776
1 63851U 25093R   25321.80823374  .00056353  00000+0  20426-2 0  9997
2 63851  43.0021 349.5557 0001509  55.1384 304.9609 15.27565752 30856
STARLINK-30359
1 57779U 23134J   25322.97630616  .00000397  00000+0  44425-4 0  9991
2 57779  43.0027  66.5688 0001485 277.0199  83.0475 15.02540798122963
STARLINK-2095
1 47679U 21012BM  25323.33336806  .00187948  00000+0  39851-2 0  9990
2 47679  53.0374 162.9341 0001300 144.6923 276.2536 15.43887083  5863
STARLINK-32342
1 61217U 24171T   25323.20944535  .00002679  00000+0  10254-3 0  9997
2 61217  53.1583 115.5979 0001044  73.0152 287.0963 15.30198744 66366
STARLINK-30049
1 56294U 23056J   25322.76635393 -.00000751  00000+0 -40540-4 0  9999
2 56294  43.0023  93.3171 0001249 269.9586  90.1113 15.02530789143334
STARLINK-3578
1 51868U 22022S   25323.21428637  .00002300  00000+0  16250-3 0  9995
2 51868  53.2136 145.0622 0001125  85.5972 274.5149 15.08857273206438
STARLINK-11613 [DTC]
1 63136U 25043E   25321.94379060  .00133060  00000+0  10223-2 0  9996
2 63136  42.9995 204.6196 0002440 238.8527 121.2102 15.70875816 41891
STARLINK-30871
1 58228U 23170Y   25322.73195759 -.00007396  00000+0 -53250-3 0  9992
2 58228  43.0048  79.2374 0001298 277.4817  82.5878 15.02569665113585
STARLINK-32579
1 61922U 24207L   25322.69019988  .00022856  00000+0  83720-3 0  9994
2 61922  42.9993 192.2870 0001928 284.2207  75.8430 15.27592023 57704
STARLINK-1922
1 46753U 20074Q   25323.33336806  .00141731  00000+0  37988-2 0  9998
2 46753  53.0541  92.8853 0003190 338.8188   6.8364 15.36989662  5605
STARLINK-32643
1 62233U 24231R   25323.27602025  .00028141  00000+0  95811-3 0  9999
2 62233  53.1590 359.7062 0001309  90.7459 269.3692 15.30218964 55039
STARLINK-4423
1 53209U 22084W   25323.17540606  .00002153  00000+0  17211-3 0  9994
2 53209  97.6039  22.0155 0003504  82.0590 278.1032 15.01256265182733
STARLINK-5460
1 55671U 23021AV  25322.76378764  .00002484  00000+0  21580-3 0  9990
2 55671  69.9990  84.3406 0003434 269.0597  91.0169 14.98353497152664
STARLINK-32623
1 62152U 24224P   25323.00298702  .00026113  00000+0  95515-3 0  9993
2 62152  43.0025  66.5189 0001317 264.4016  95.6685 15.27578560 55456
STARLINK-6100
1 57125U 23090AA  25323.23168558 -.00000137  00000+0  49479-5 0  9996
2 57125  43.0012 142.1679 0001053 274.6814  85.3908 15.02537755133755
STARLINK-35163
1 65507U 25198R   25322.72397504  .00046331  00000+0  11597-2 0  9990
2 65507  53.1614  71.8994 0001935  71.5342 288.5873 15.39660796 11558
STARLINK-6336
1 56788U 23078X   25323.14102287 -.00000838  00000+0 -62393-4 0  9991
2 56788  69.9994 243.2168 0003167 266.3110  93.7687 14.98337768136617
STARLINK-32470
1 62115U 24222B   25322.94207084  .00003104  00000+0  12231-3 0  9994
2 62115  43.0072  41.4522 0002507 266.1741  93.8824 15.27574083 55963
STARLINK-34898
1 65895U 25224P   25322.91671296  .00023172  00000+0  79252-3 0  9995
2 65895  53.1598 165.8492 0001364  83.7255 314.3802 15.30180009  5985
STARLINK-11118 [DTC]
1 59754U 24091B   25322.61730031  .00000740  00000+0  10969-4 0  9990
2 59754  53.1601  34.1420 0001551  91.2565 268.8631 15.69713810 88069
STARLINK-5741
1 55582U 23020P   25323.05247129  .00000408  00000+0  45288-4 0  9999
2 55582  43.0014 233.0952 0001573 280.1857  79.8808 15.02529049152421
STARLINK-34338
1 64151U 25112F   25323.10711968  .00004093  00000+0  28767-3 0  9994
2 64151  97.6042  12.5870 0000934 157.3120 202.8149 15.05657482 26675
STARLINK-30402
1 57827U 23138V   25322.83331301 -.00000112  00000+0  67560-5 0  9995
2 57827  43.0036 118.1487 0000946 209.5008 150.5781 15.02533014122039
STARLINK-33763
1 63452U 25069V   25323.21732075  .00033171  00000+0  11271-2 0  9992
2 63452  53.1598 295.3992 0001234  97.7206 262.3935 15.30198418 36495
STARLINK-6209
1 56877U 23083B   25322.98185819  .00000568  00000+0  57090-4 0  9995
2 56877  43.0066 323.6294 0000629 252.4350 107.6424 15.02531518135016
STARLINK-2209
1 47776U 21017BG  25323.25163634 -.00000130  00000+0  10182-4 0  9997
2 47776  53.0549 347.3927 0001486  87.3731 272.7428 15.06390970261104
STARLINK-31241
1 59045U 24038Y   25323.17416348  .00003444  00000+0  13462-3 0  9992
2 59045  43.0037 287.9305 0002962 276.0969  83.9545 15.27581412 97954
STARLINK-33765
1 63473U 25070P   25322.84977538  .00030711  00000+0  11207-2 0  9996
2 63473  42.9975 165.8671 0000903 270.3436  89.7312 15.27585370 36026
STARLINK-11543 [DTC]
1 62981U 25031A   25322.97487845  .00284864  00000+0  21469-2 0  9998
2 62981  42.9990 308.4739 0001399 265.3057  94.7651 15.70854812 45333
STARLINK-5202
1 54761U 22175D   25322.92222336 -.00002085  00000+0 -11298-3 0  9993
2 54761  53.2152 181.6053 0001530  93.7759 266.3409 15.08828503163196
STARLINK-32138
1 60255U 24131A   25322.96058813  .00001925  00000+0  77137-4 0  9998
2 60255  53.1598 206.8870 0001319  95.5757 264.5394 15.30178703 75060
STARLINK-31867
1 60139U 24120E   25323.12072617  .00017740  00000+0  55046-3 0  9990
2 60139  53.1568 113.0871 0000708 210.6507 149.4453 15.33490311 79451
STARLINK-3889
1 52331U 22045A   25323.22532751  .00003378  00000+0  23026-3 0  9995
2 52331  53.2182 345.0137 0001553  88.0061 272.1110 15.08838450198966
STARLINK-35028
1 65381U 25191C   25323.23312339  .00005356  00000+0  37506-3 0  9994
2 65381  97.6038 192.7238 0002912  88.8143 271.3417 15.05651583 13655
STARLINK-35199
1 65858U 25223E   25323.05768066  .00053469  00000+0  13369-2 0  9999
2 65858  53.1575  89.0227 0001379  78.2488 281.8671 15.39630931  7252
STARLINK-4686
1 53715U 22107R   25322.91020955  .00007350  00000+0  47949-3 0  9998
2 53715  53.2186  31.1448 0001448  99.2595 260.8561 15.08833081177690
STARLINK-35849
1 66348U 25254A   25323.26624356 -.00023183  00000+0 -11296-3 0  9994
2 66348  53.1574  31.5228 0002644 347.9292  12.1667 15.81104221  3143
STARLINK-4026
1 52600U 22052C   25322.97233270  .00000097  00000+0  24214-4 0  9993
2 52600  53.2203  56.1499 0001427  88.2329 271.8827 15.08835672194947
STARLINK-4162
1 53288U 22086AY  25323.24051133  .00000781  00000+0  67189-4 0  9998
2 53288  53.2211 319.9474 0002044 113.4546 246.6661 15.08834608184516
STARLINK-4572
1 53692U 22105AW  25323.23255275  .00029837  00000+0  16366-2 0  9993
2 53692  97.6298 204.4197 0004214 357.5585   2.5625 15.14105006176809
STARLINK-31462
1 59466U 24068M   25322.99070681  .00000941  00000+0  43735-4 0  9993
2 59466  43.0087 299.5938 0002723 279.9983  80.0561 15.27580186 91597
STARLINK-6076
1 56100U 23046H   25322.95468492 -.00000947  00000+0 -54999-4 0  9999
2 56100  43.0053  40.7339 0001494 278.7422  81.3251 15.02541999145404
STARLINK-31602
1 59202U 24046B   25323.25792808  .00001311  00000+0  56397-4 0  9999
2 59202  53.1620 308.1644 0001215  92.5831 267.5309 15.30196332 96145
STARLINK-5639
1 55365U 23013AL  25322.96243501  .00000714  00000+0  67915-4 0  9990
2 55365  43.0043 194.9424 0000701 291.3311  68.7457 15.02531980154901
STARLINK-3942
1 52563U 22051AG  25323.14574621  .00000092  00000+0  23854-4 0  9992
2 52563  53.2187 270.3718 0001639  92.7614 267.3566 15.08841103194689
STARLINK-2368
1 47908U 21021BA  25323.33336806  .00251926  00000+0  13099-2 0  9999
2 47908  53.0513  40.5754 0007662   3.9171 210.8223 15.79693223  5891
STARLINK-30119
1 56823U 23079A   25321.81346713 -.00000262  00000+0 -43012-5 0  9997
2 56823  43.0049 355.4221 0001915 264.7013  95.3610 15.02541042136487
STARLINK-5067
1 55653U 23021AB  25323.12268964  .00000367  00000+0  38604-4 0  9995
2 55653  69.9984 103.0683 0003835 267.9977  92.0743 14.98323594152234
STARLINK-5502
1 55644U 23021S   25323.09350250  .00000858  00000+0  79709-4 0  9997
2 55644  69.9986 103.3708 0003151 271.3110  88.7688 14.98326610152227
STARLINK-5626
1 55435U 23014AW  25323.23026364 -.00000760  00000+0 -55872-4 0  9998
2 55435  70.0012  22.9381 0003003 270.1042  89.9773 14.98335823154527
STARLINK-1321
1 45573U 20025AU  25323.20694860  .00000466  00000+0  50208-4 0  9997
2 45573  53.0544 212.5957 0001643  82.1696 277.9480 15.06388078308558
STARLINK-11720 [DTC]
1 64131U 25111J   25323.00588588  .00188586  00000+0  14417-2 0  9996
2 64131  42.9997 280.8143 0001419 236.5380 123.5352 15.70814104 29187
STARLINK-32901
1 62895U 25024S   25323.03263269  .00022168  00000+0  81215-3 0  9997
2 62895  43.0006 230.1825 0000790 278.2768  81.7994 15.27601853 45344
STARLINK-34231
1 64175U 25113F   25323.04868463  .00026447  00000+0  90088-3 0  9999
2 64175  53.1616 245.1807 0001513  71.3834 288.7331 15.30235387 28122
STARLINK-11617 [DTC]
1 63184U 25048B   25323.15123913  .00244476  00000+0  18507-2 0  9990
2 63184  43.0005 266.4285 0001244 220.9526 139.1248 15.70873089 41131
STARLINK-30078
1 56841U 23079U   25322.30536988  .00009640  00000+0  35946-3 0  9999
2 56841  43.0047 328.4081 0000364 249.8638 110.2174 15.27573111136417
STARLINK-31983
1 60602U 24150V   25323.12189284  .00000842  00000+0  40567-4 0  9995
2 60602  53.1591 100.5522 0001209  82.1416 277.9722 15.30192447 71032
STARLINK-31270
1 59154U 24044C   25322.85341716 -.00001901  00000+0 -59575-4 0  9994
2 59154  43.0037  13.0566 0001594 277.5713  82.4958 15.27582515 96647
STARLINK-31707
1 59736U 24090G   25323.07338405  .00000440  00000+0  25531-4 0  9997
2 59736  43.0019  88.1248 0001671 264.8192  95.2469 15.27569951 86523
STARLINK-1572
1 46060U 20055AK  25323.11848295  .00001233  00000+0  10170-3 0  9991
2 46060  53.0545 252.9895 0001790  90.6354 269.4840 15.06394108292333
STARLINK-32704
1 62826U 25018W   25322.75379588  .00036961  00000+0  12530-2 0  9993
2 62826  53.1538 104.8958 0002132  79.4977 280.6264 15.30220640 46187
STARLINK-4089
1 52831U 22062B   25322.88999509  .00001897  00000+0  13722-3 0  9994
2 52831  53.2162 171.5210 0001193  98.1878 261.9250 15.08850872189054
STARLINK-5430
1 54803U 22175AX  25322.93687229  .00000325  00000+0  38495-4 0  9999
2 54803  53.2161 180.9747 0001353  82.9357 277.1789 15.08840152163209
STARLINK-3532
1 51727U 22016P   25322.82420644  .00003479  00000+0  23660-3 0  9999
2 51727  53.2149 106.8145 0001375  84.9667 275.1482 15.08839586206683
STARLINK-34640
1 65092U 25167Q   25322.89203319  .00046179  00000+0  15613-2 0  9996
2 65092  53.1583 181.4872 0001216  97.5491 262.5648 15.30205279 16515
STARLINK-30464
1 57908U 23146T   25322.69427493 -.00002244  00000+0 -15115-3 0  9992
2 57908  43.0014 196.1198 0000743 268.0583  92.0174 15.02529969119310
STARLINK-30382
1 57786U 23134R   25322.68016476  .00000896  00000+0  81437-4 0  9997
2 57786  43.0052  80.6058 0001601 266.8319  93.2340 15.02534441122778
STARLINK-32487
1 61963U 24210E   25322.69435850  .00047521  00000+0  17236-2 0  9997
2 61963  43.0001  86.7501 0001840 263.7843  96.2799 15.27612556 57934
STARLINK-32767
1 62601U 25008Q   25322.90898843  .00019310  00000+0  70979-3 0  9991
2 62601  43.0001 183.3995 0001806 266.1934  93.8711 15.27561038 48682
STARLINK-6096
1 56103U 23046L   25322.95025929 -.00002433  00000+0 -16513-3 0  9997
2 56103  43.0073  40.6969 0001068 282.2880  77.7843 15.02528564145401
STARLINK-34856
1 65687U 25212M   25323.22470931  .00027830  00000+0  94841-3 0  9995
2 65687  53.1593 138.5746 0001757  83.2088 276.9113 15.30193597 10286
STARLINK-2161
1 47747U 21017AB  25323.26729443  .00016769  00000+0  11419-2 0  9998
2 47747  53.0541 337.3253 0001543  84.2733 275.8432 15.06400909261256
STARLINK-32549
1 62118U 24222E   25322.92794079  .00026693  00000+0  97579-3 0  9996
2 62118  43.0034  41.3482 0001463 282.9701  77.0987 15.27587188 55874
STARLINK-11585 [DTC]
1 63309U 25057C   25322.69917094  .00211384  00000+0  16056-2 0  9997
2 63309  43.0000 213.3726 0001164 271.1549  88.9186 15.70895216 39753
STARLINK-3897
1 52537U 22051E   25323.12963014 -.00000782  00000+0 -31052-4 0  9996
2 52537  53.2189 265.2519 0001323  93.8209 266.2934 15.08833565194754
STARLINK-35590
1 66108U 25236Y   25323.14909708  .00068663  00000+0  12328-2 0  9998
2 66108  53.1611 258.5080 0001042  69.1768 290.9353 15.49285620  5943
STARLINK-35495
1 66243U 25245K   25323.25002315 -.02018712  00000+0 -31487-1 0  9998
2 66243  53.1601  80.6049 0000785  84.4086 332.0339 15.56333882  4333
STARLINK-6214
1 56480U 23064AJ  25323.24320102  .00012150  00000+0  61718-3 0  9991
2 56480  69.9969  20.3146 0006896 330.5659  29.5120 15.17032263139764
STARLINK-2342
1 47883U 21021Z   25322.63562223  .00013565  00000+0  92795-3 0  9993
2 47883  53.0555  55.1598 0001457  79.6323 280.4831 15.06393422259552
STARLINK-33579
1 62764U 25015G   25323.16093974  .00029792  00000+0  10144-2 0  9992
2 62764  53.1562 115.5002 0002107  91.4887 268.6355 15.30186304 47568
STARLINK-11213 [DTC]
1 60309U 24133J   25323.26371123 -.00000544  00000+0  37794-6 0  9990
2 60309  53.1604 330.3461 0001676  85.3002 274.8208 15.69703065 76395
STARLINK-11639 [DTC]
1 63189U 25048G   25323.13000017  .00226781  00000+0  17200-2 0  9990
2 63189  42.9993 266.2539 0000598 241.9078 118.1729 15.70881950 41133
STARLINK-32249
1 60444U 24144V   25322.84506605  .00004321  00000+0  15794-3 0  9999
2 60444  53.1619  11.6149 0004012  80.8359 279.3095 15.30200774 72381
STARLINK-32467
1 61713U 24196G   25323.05815090  .00002937  00000+0  11130-3 0  9992
2 61713  53.1608 255.5519 0001395 121.2474 238.8664 15.30183559 60210
STARLINK-32817
1 63079U 25037C   25323.26445157  .00007735  00000+0  65527-3 0  9990
2 63079  70.0009 272.7804 0002369 266.2893  93.7995 14.98337084 42059
STARLINK-31581
1 59474U 24068V   25322.00187253 -.00001133  00000+0 -31659-4 0  9996
2 59474  43.0041 298.1564 0001692 261.8769  98.1890 15.27576280 91520
STARLINK-2227
1 48575U 21041Y   25323.05263913 -.00000268  00000+0  88846-6 0  9997
2 48575  53.0548 228.6039 0001736  83.6507 276.4679 15.06385911249096
STARLINK-32464
1 62140U 24224B   25322.97278999  .00020980  00000+0  76976-3 0  9997
2 62140  42.9980  63.6909 0000807 280.6097  79.4664 15.27579385 55487
STARLINK-35609
1 66100U 25236Q   25323.02318474  .00086699  00000+0  15494-2 0  9997
2 66100  53.1609 259.1468 0001399  78.3652 281.7514 15.49312921  5928
STARLINK-35272
1 65899U 25224T   25323.33336806  .00029331  00000+0  99923-3 0  9991
2 65899  53.1588 163.6582 0001538  76.8244 225.7545 15.30176724  6044
STARLINK-3916
1 52492U 22049AT  25322.93460848 -.00000705  00000+0 -26219-4 0  9992
2 52492  53.2144 186.3190 0001473  86.5104 273.6056 15.08844589195679
STARLINK-5444
1 54768U 22175L   25323.26497335 -.00001756  00000+0 -92261-4 0  9995
2 54768  53.2165 165.2206 0001351  92.4760 267.6387 15.08840746163455
STARLINK-11619 [DTC]
1 63272U 25053H   25323.27491629  .00325928  00000+0  24424-2 0  9996
2 63272  43.0000  57.8153 0001423 298.6362  61.4363 15.70867921 40300
STARLINK-30976
1 58447U 23183L   25323.16431049 -.00000085  00000+0  87850-5 0  9994
2 58447  43.0059 283.4636 0001077 268.1791  91.8928 15.02531470110098
STARLINK-4304
1 53414U 22097AC  25323.07398296 -.00001818  00000+0 -96140-4 0  9999
2 53414  53.2153 250.6898 0001677  92.8152 267.3032 15.08835723181942
STARLINK-34123
1 63891U 25095B   25322.72820180  .00042930  00000+0  15591-2 0  9990
2 63891  43.0039  83.2212 0001922 281.4035  78.6601 15.27609662 30817
STARLINK-3871
1 52496U 22049AX  25323.09146505  .00001922  00000+0  13879-3 0  9992
2 52496  53.2160 180.6162 0001294  86.6279 273.4861 15.08847448195761
STARLINK-31793
1 60053U 24112R   25323.05547488  .00001528  00000+0  63729-4 0  9996
2 60053  53.1602 232.1935 0001264  89.0043 271.1102 15.30192375 81655
STARLINK-30919
1 58411U 23180K   25322.97987382  .00002011  00000+0  16393-3 0  9998
2 58411  42.9992 296.4783 0001145 289.3366  70.7352 15.02529774110843
STARLINK-11176 [DTC]
1 60060U 24113B   25322.86336195  .00009545  00000+0  83523-4 0  9995
2 60060  53.1581  17.6228 0001285  90.7515 269.3650 15.69718322 82157
STARLINK-30410
1 57841U 23141B   25322.70635146  .00000169  00000+0  17853-4 0  9995
2 57841  53.1605  79.5996 0001361 101.3648 258.7506 15.30186700123332
STARLINK-2746
1 48676U 21044AQ  25323.07286424 -.00001290  00000+0 -67701-4 0  9998
2 48676  53.0539 248.1920 0001487  94.4612 265.6547 15.06396679247178
STARLINK-2502
1 48327U 21036BD  25323.02587025 -.00000351  00000+0 -46307-5 0  9995
2 48327  53.0535 238.4057 0001750  94.7728 265.3461 15.06390137251354
STARLINK-4103
1 53141U 22083K   25323.22302849  .00000532  00000+0  51504-4 0  9992
2 53141  53.2182 310.0238 0001388 101.7130 258.4018 15.08838100184541
STARLINK-30218
1 57604U 23119C   25322.00680881  .00002905  00000+0  22996-3 0  9999
2 57604  43.0054 328.6571 0001004 278.7603  81.3126 15.02546700126280
STARLINK-34246
1 64769U 25147Q   25322.65763983  .00078910  00000+0  26398-2 0  9996
2 64769  53.1605  38.3902 0001340 102.0764 258.0387 15.30302893 21759
STARLINK-11462 [DTC]
1 62412U 24249D   25322.75727809  .00303784  00000+0  22615-2 0  9997
2 62412  42.9994 116.3390 0003174 285.7700  74.2818 15.71089767 52032
STARLINK-3971
1 52642U 22052AW  25323.25016681  .00010440  00000+0  67281-3 0  9999
2 52642  53.2175  34.9025 0001551  80.5041 279.6127 15.08853026194452
STARLINK-33813
1 63585U 25076S   25323.04456314  .00031522  00000+0  11495-2 0  9993
2 63585  43.0026 226.1303 0001984 276.9320  83.1306 15.27596031 34919
STARLINK-1647
1 47978U 21024B   25322.84386928 -.00001363  00000+0 -72595-4 0  9992
2 47978  53.0553 114.2254 0001779  84.6214 275.4978 15.06400794257851
STARLINK-6364
1 57378U 23099BC  25323.05100484 -.00005594  00000+0 -39924-3 0  9994
2 57378  43.0056  91.1054 0001539 271.0577  89.0089 15.02547247130664
STARLINK-35087
1 65541U 25200X   25323.18442975  .00007141  00000+0  49853-3 0  9999
2 65541  97.6048  30.8799 0001724  85.1868 274.9556 15.05657157 12501
STARLINK-35489
1 65857U 25223D   25322.77481378  .00044750  00000+0  11207-2 0  9996
2 65857  53.1599  90.0987 0003617  74.9606 285.1799 15.39655795  7213
STARLINK-32811
1 63039U 25034L   25322.97278322  .00025849  00000+0  88098-3 0  9992
2 63039  53.1590  52.5320 0001768  90.9660 269.1544 15.30230864 42138
STARLINK-5645
1 55429U 23014AQ  25323.23005455 -.00000577  00000+0 -40590-4 0  9996
2 55429  70.0004   3.0760 0002687 260.0535 100.0320 14.98343676155017
STARLINK-5496
1 56886U 23083L   25323.29427272 -.00000181  00000+0  16401-5 0  9996
2 56886  43.0032 321.6740 0000913 276.3217  83.7521 15.02533203135066
STARLINK-3344
1 51110U 22005G   25322.68068361 -.00004910  00000+0 -29064-3 0  9998
2 51110  53.2171  67.4395 0001269  89.9309 270.1829 15.08832575212120
STARLINK-5556
1 55385U 23013BG  25322.92469724 -.00000343  00000+0 -10281-4 0  9999
2 55385  43.0044 194.6570 0001362 272.5531  87.5156 15.02536086154909
STARLINK-34024
1 64031U 25102K   25322.95291984  .00013038  00000+0  10986-2 0  9995
2 64031  70.0048  33.7159 0002945 269.6648  90.4174 14.98325260 29303
STARLINK-6169
1 56889U 23083P   25321.76193373 -.00005771  00000+0 -41216-3 0  9992
2 56889  43.0018 329.9529 0001683 261.2226  98.8425 15.02563868134831
STARLINK-32408
1 62054U 24216Y   25322.91306201  .00019359  00000+0  71108-3 0  9994
2 62054  43.0004 161.9408 0001873 267.6910  92.3727 15.27582894 56944
STARLINK-3841
1 52369U 22045AQ  25323.28972608  .00000549  00000+0  52601-4 0  9990
2 52369  53.2188 324.7241 0001438  93.5831 266.5326 15.08840603199253
STARLINK-4334
1 53665U 22105T   25323.23783236  .00000142  00000+0  14073-4 0  9999
2 53665  97.6010 202.3976 0002195  88.9811 271.1667 15.05640128176681
STARLINK-34394
1 64669U 25139F   25323.18248937  .00031181  00000+0  10598-2 0  9996
2 64669  53.1590 280.4317 0001502  90.3414 269.7759 15.30220771 23367
STARLINK-30789
1 58166U 23166S   25322.87940990  .00001932  00000+0  77343-4 0  9996
2 58166  53.1607  14.3289 0001322  92.4788 267.6365 15.30199334116217
STARLINK-35004
1 65428U 25192AA  25322.93720366  .00045720  00000+0  11458-2 0  9992
2 65428  53.1603  33.4530 0001283  83.5297 276.5854 15.39627844 12336
STARLINK-5865
1 57053U 23088F   25322.76854054 -.00000318  00000+0 -84524-5 0  9995
2 57053  43.0001 350.2487 0000968 275.2210  84.8522 15.02531523133688
STARLINK-11656 [DTC]
1 63674U 25085L   25322.80291256  .00212012  00000+0  16166-2 0  9992
2 63674  42.9996 226.6751 0001113 232.5532 127.5234 15.70800731 32803
STARLINK-2412
1 48094U 21027C   25323.23320991  .00000649  00000+0  62486-4 0  9999
2 48094  53.0547 307.4772 0001898  92.6847 267.4359 15.06393421255779
STARLINK-4277
1 53009U 22076Z   25323.01787030 -.00001635  00000+0 -84643-4 0  9990
2 53009  53.2164 220.9462 0001540  99.5828 260.5338 15.08840334186273
STARLINK-32792
1 62504U 25003T   25322.64478553  .00029648  00000+0  10818-2 0  9991
2 62504  43.0040 195.6680 0002070 267.5610  92.5005 15.27602513 49579
STARLINK-31927
1 59837U 24097C   25322.90563924 -.00003568  00000+0 -12022-3 0  9999
2 59837  42.9995 180.0254 0001354 271.3022  88.7674 15.27570067 84970
STARLINK-2326
1 47870U 21021L   25322.66049386  .00002035  00000+0  15543-3 0  9998
2 47870  53.0548  65.0478 0001423  90.0712 270.0440 15.06402279259146
STARLINK-30333
1 57702U 23129E   25322.82371620 -.00002017  00000+0 -13436-3 0  9992
2 57702  43.0060   3.0215 0000762 263.3459  96.7297 15.02524727123971
STARLINK-1365
1 45590U 20025BM  25323.10466095 -.00001063  00000+0 -52487-4 0  9999
2 45590  53.0542 243.0516 0001666  89.7021 270.4159 15.06395045308435
STARLINK-1582
1 46043U 20055S   25323.15809779 -.00005554  00000+0 -35436-3 0  9994
2 46043  53.0545 262.8128 0001917  75.3475 284.7726 15.06384590292223
STARLINK-5089
1 56148U 23046BJ  25321.82126367 -.00001143  00000+0 -69543-4 0  9998
2 56148  43.0061 355.6388 0001143 277.1341  82.9372 15.02537822145828
STARLINK-3717
1 52096U 22029J   25323.02385597  .00000476  00000+0  47972-4 0  9990
2 52096  53.2160 215.9175 0001067  90.8596 269.2518 15.08828332204078
STARLINK-34877
1 65630U 25210J   25322.80095122  .00066482  00000+0  16541-2 0  9995
2 65630  53.1550 102.1396 0003061  84.6323 275.5031 15.39680211 10751
STARLINK-35353
1 65669U 25211T   25323.02481092  .00005537  00000+0  38766-3 0  9996
2 65669  97.6026   5.0345 0001072 114.8023 245.3315 15.05648309 10397
STARLINK-11680 [DTC]
1 63554U 25075G   25323.09866172  .00209639  00000+0  15943-2 0  9998
2 63554  43.0003 100.5759 0001176 310.3901  49.6864 15.70870683 35857
STARLINK-31804
1 59641U 24082L   25322.58775968  .00000561  00000+0  29952-4 0  9992
2 59641  43.0010  46.9691 0004562 237.5489 122.4922 15.27571445 87823
STARLINK-5783
1 56022U 23042AN  25323.16324747 -.00001007  00000+0 -59480-4 0  9994
2 56022  43.0080 283.7265 0001212 254.2755 105.7954 15.02525811146430
STARLINK-11591 [DTC]
1 63116U 25039N   25322.95265891  .00218748  00000+0  16614-2 0  9994
2 63116  43.0004 183.9490 0001824 275.5386  84.5274 15.70873177 42209
STARLINK-3560
1 51859U 22022H   25323.23364577  .00002203  00000+0  15644-3 0  9997
2 51859  53.2143 144.9883 0001297  89.7924 270.3217 15.08851411206489
STARLINK-34419
1 64412U 25129A   25323.26956512  .00003331  00000+0  28676-3 0  9998
2 64412  70.0025 353.0130 0002830 264.2795  95.8041 14.98334002 24766
STARLINK-33863
1 63864U 25094A   25323.23805276  .00004310  00000+0  36875-3 0  9994
2 63864  70.0001 153.1496 0001784 286.3341  73.7622 14.98337792 30657
STARLINK-11528 [DTC]
1 62521U 25004L   25322.85781267  .00301255  00000+0  22511-2 0  9993
2 62521  43.0001  19.1321 0001452  20.5893 339.5033 15.71009786 49779
STARLINK-11413 [DTC]
1 62593U 25008G   25323.00779653  .00238648  00000+0  18073-2 0  9993
2 62593  43.0000  73.6048 0001119 329.9732  30.1071 15.70881542 49779
STARLINK-31698
1 59379U 24062F   25322.66665889  .00002545  00000+0  97977-4 0  9993
2 59379  53.1615  51.3430 0001482  90.2449 269.8721 15.30212264 92636
STARLINK-5368
1 54840U 22177W   25322.56297000 -.00000477  00000+0 -20206-4 0  9996
2 54840  43.0058  16.7574 0001202 268.0059  92.0646 15.02532064160246
STARLINK-32567
1 61930U 24207U   25322.61549966  .00038821  00000+0  14117-2 0  9991
2 61930  43.0010 185.6518 0001815 294.3350  65.7312 15.27606795 58368
STARLINK-4043
1 52836U 22062G   25321.90474062 -.00002629  00000+0 -14716-3 0  9993
2 52836  53.2164 176.2602 0001516 112.4848 247.6305 15.08843230188909
STARLINK-31675
1 59548U 24074Q   25322.84313708  .00006050  00000+0  22894-3 0  9994
2 59548  43.0034 249.3665 0000707 282.8370  77.2402 15.27614818 89064
STARLINK-30446
1 57872U 23144J   25323.26347430 -.00000299  00000+0 -70330-5 0  9996
2 57872  43.0038 154.3770 0001572 270.5705  89.4957 15.02540824120889
STARLINK-32835
1 63051U 25034Y   25322.98388234  .00026529  00000+0  90470-3 0  9994
2 63051  53.1606  65.3827 0001446  78.7734 281.3430 15.30197738 41954
STARLINK-32539
1 62022U 24213Q   25323.27590074  .00036720  00000+0  12458-2 0  9992
2 62022  53.1600 308.4734 0001332 112.0113 248.1029 15.30200559 56429
STARLINK-32650
1 62231U 24231P   25322.57499625  .00037454  00000+0  12694-2 0  9993
2 62231  53.1601  15.9310 0001377  75.1016 285.0137 15.30224083 54754
STARLINK-4405
1 53201U 22084N   25323.24200075 -.00014624  00000+0 -10126-2 0  9992
2 53201  97.6052  22.4023 0000415 105.9137 254.2136 15.05607250182769
STARLINK-33929
1 64188U 25113U   25323.10660967  .00031265  00000+0  10635-2 0  9992
2 64188  53.1621 244.8272 0000899  75.5204 284.5897 15.30194855 28133
STARLINK-3526
1 51720U 22016G   25323.09748220  .00002593  00000+0  18096-3 0  9998
2 51720  53.2150 105.5597 0001601  80.9856 279.1317 15.08835113206721
STARLINK-11649 [DTC]
1 64069U 25107F   25323.26131854  .00312439  00000+0  23504-2 0  9992
2 64069  43.0001  44.4761 0001846 278.4246  81.6413 15.70815697 29927
STARLINK-5760
1 55591U 23020Y   25323.08758945 -.00000409  00000+0 -15165-4 0  9999
2 55591  43.0052 245.4713 0001445 275.4783  84.5894 15.02551706152285
STARLINK-11088 [DTC]
1 59709U 24088B   25323.25889243 -.00004400  00000+0 -31498-4 0  9996
2 59709  53.1536 150.9655 0001011  89.4562 270.6571 15.69693322 88924
STARLINK-2251
1 48594U 21041AT  25323.08024294 -.00005178  00000+0 -32905-3 0  9996
2 48594  53.0551 248.2475 0001538  91.4487 268.6678 15.06388441248819
STARLINK-32202
1 60595U 24150N   25323.07978918  .00000486  00000+0  28527-4 0  9996
2 60595  53.1567 101.0022 0000216  24.1684 335.9327 15.30198676 71101
STARLINK-34940
1 65397U 25191U   25323.19158070  .00007854  00000+0  54792-3 0  9997
2 65397  97.6028 192.6241 0001993  92.8297 267.3158 15.05651495 13645
STARLINK-11276 [DTC]
1 61244U 24175B   25323.07517652  .00002088  00000+0  22085-4 0  9992
2 61244  53.1593 241.5253 0001030  92.8823 267.2313 15.69711328 65999
STARLINK-35186
1 65611U 25207V   25323.14232702  .00040140  00000+0  10251-2 0  9990
2 65611  97.6028  28.0876 0002093  79.1623 280.9857 15.39369665 11527
STARLINK-1265
1 45406U 20019AY  25323.17561469 -.00001581  00000+0 -87250-4 0  9997
2 45406  53.0543 272.7356 0001143  86.7574 273.3546 15.06399417313203
STARLINK-34486
1 64597U 25137D   25323.19330935  .00057177  00000+0  14281-2 0  9991
2 64597  53.1571 131.5911 0001690  80.5356 279.5840 15.39633355 23776
STARLINK-1279
1 45360U 20019A   25323.26053506  .00102319  00000+0  27259-2 0  9994
2 45360  53.0518 265.9122 0007483  73.5911 286.5913 15.37350485313582
STARLINK-34584
1 64697U 25142B   25323.13046780  .00005975  00000+0  50807-3 0  9998
2 64697  70.0047 233.0665 0001871 273.1835  86.9110 14.98334285 22920
STARLINK-34535
1 64698U 25142C   25323.14913601  .00006947  00000+0  62697-3 0  9995
2 64698  70.0025 232.7183 0002746 270.7646  89.3197 14.95916592 22929
STARLINK-35290
1 65846U 25221Z   25323.10277880 -.00027195  00000+0 -90983-3 0  9996
2 65846  53.1623 241.8912 0001334  55.7790 304.3337 15.30184913  7805
STARLINK-5997
1 56327U 23058L   25323.27877104  .00000634  00000+0  53921-4 0  9998
2 56327  97.6029 322.0967 0002830  73.4805 286.6730 15.01261699141566
STARLINK-34855
1 65416U 25192N   25322.62689301  .00061128  00000+0  15238-2 0  9998
2 65416  53.1598  35.0762 0001327  49.4920 310.6200 15.39662830 12287
STARLINK-34592
1 64746U 25144Y   25323.29241103  .00048660  00000+0  12188-2 0  9995
2 64746  53.1597 326.4400 0002029  97.8793 262.2442 15.39616060 22917
STARLINK-32516
1 62176U 24225P   25323.07675243  .00006946  00000+0  58945-3 0  9994
2 62176  70.0009  83.4530 0003311 271.7137  88.3643 14.98325335 53305
STARLINK-31010
1 58519U 23191M   25321.79202410 -.00000628  00000+0 -31391-4 0  9990
2 58519  43.0017 353.5583 0001013 279.1850  80.8878 15.02535803108611
STARLINK-34614
1 65030U 25161R   25322.77269509  .00032890  00000+0  11170-2 0  9991
2 65030  53.1524  89.7137 0001154  39.3293 320.7792 15.30221519 18346
STARLINK-5911
1 55950U 23037AN  25323.01933179 -.00000332  00000+0 -19993-4 0  9991
2 55950  69.9983 183.5825 0003016 273.9172  86.1642 14.98327966147894
STARLINK-34988
1 65453U 25194V   25323.26880304  .00003284  00000+0  26566-3 0  9994
2 65453  97.6016 177.4596 0003264  70.2437 289.9139 15.00449820 13155
STARLINK-2338
1 47793U 21018G   25322.85171044  .00004648  00000+0  33073-3 0  9996
2 47793  53.0549   9.1878 0001394  92.2040 267.9109 15.06399702260166
STARLINK-30444
1 57871U 23144H   25322.63835363  .00001876  00000+0  15387-3 0  9991
2 57871  43.0029 171.0692 0001723 268.2175  91.8470 15.02543885120630
STARLINK-1640
1 46173U 20057BJ  25323.10003308 -.00003444  00000+0 -21229-3 0  9990
2 46173  53.0518  93.0743 0001453  86.2922 273.8233 15.06417916289392
STARLINK-30837
1 58212U 23170G   25323.04769991 -.00000041  00000+0  12043-4 0  9990
2 58212  43.0040  77.3053 0001216 271.0751  88.9952 15.02534289113633
STARLINK-33789
1 63657U 25083Z   25323.15582375  .00028943  00000+0  10565-2 0  9990
2 63657  43.0041 269.3098 0002352 282.0371  78.0217 15.27598898 33196
STARLINK-35730
1 66273U 25247J   25323.25002315 -.00056138  00000+0 -10083-2 0  9995
2 66273  53.1595 348.4439 0001237  70.5207  95.4239 15.49316509  4169
STARLINK-11708 [DTC]
1 64238U 25119F   25323.26456803  .00211918  00000+0  16100-2 0  9991
2 64238  43.0001 155.0848 0001033 296.5367  63.5394 15.70888139 27873
STARLINK-31857
1 59843U 24097J   25322.87737670 -.00000461  00000+0 -72345-5 0  9998
2 59843  43.0001 179.8049 0001562 269.4436  90.6236 15.27571866 84977
STARLINK-5416
1 54855U 22177AM  25322.53893361  .00001014  00000+0  90121-4 0  9990
2 54855  43.0072   4.4315 0001226 268.6126  91.4575 15.02531641160381
STARLINK-2361
1 47901U 21021AT  25322.95584249  .00003400  00000+0  24701-3 0  9990
2 47901  53.0587  38.8080 0000714 108.7277 251.3790 15.06401613259631
STARLINK-3995
1 52632U 22052AL  25322.63468888 -.00006440  00000+0 -38663-3 0  9998
2 52632  53.2184  47.6637 0001779  90.7972 269.3225 15.08861945194239
STARLINK-11674 [DTC]
1 64327U 25124L   25323.28302511  .00150995  00000+0  11566-2 0  9992
2 64327  42.9998 334.4070 0001571 266.1538  93.9150 15.70888720 25472
STARLINK-34161
1 64017U 25101Z   25323.10032477  .00023417  00000+0  85733-3 0  9991
2 64017  42.9986 262.3677 0001375 248.6719 111.3985 15.27597048 30148
STARLINK-11390 [DTC]
1 61947U 24209J   25323.13763941  .00211091  00000+0  17005-2 0  9991
2 61947  53.1568 196.3012 0001172  62.4270 297.6867 15.69749608 59353
STARLINK-3553
1 51866U 22022Q   25323.20787356 -.00000077  00000+0  13263-4 0  9990
2 51866  53.2164 144.9489 0001680  98.0896 262.0286 15.08831009206439
STARLINK-2443
1 48107U 21027R   25323.20556637  .00000236  00000+0  34773-4 0  9999
2 48107  53.0560 287.6011 0001378  92.0855 268.0292 15.06384079256043
STARLINK-3944
1 52544U 22051M   25323.15679239  .00000768  00000+0  66351-4 0  9992
2 52544  53.2187 270.3369 0001492 103.0078 257.1081 15.08840206194689
STARLINK-6136
1 56540U 23065AP  25323.12615861 -.00001034  00000+0 -61513-4 0  9990
2 56540  43.0035 104.0866 0001812 264.8426  95.2210 15.02532022139842
STARLINK-34769
1 65094U 25167S   25322.88570500  .00032943  00000+0  11194-2 0  9990
2 65094  53.1583 181.4464 0002993  99.9995 260.1343 15.30197880 16516
STARLINK-1997
1 47592U 21009AW  25322.85287289  .00089244  00000+0  21590-2 0  9997
2 47592  53.0601 174.3698 0000902 201.5127 158.5840 15.40396867263877
STARLINK-6219
1 56892U 23083S   25323.27428690  .00002570  00000+0  20530-3 0  9995
2 56892  43.0056 321.5193 0001315 268.1942  91.8750 15.02524778135062
STARLINK-5458
1 54764U 22175G   25322.62873912  .00005927  00000+0  39032-3 0  9997
2 54764  53.2148 182.6204 0001557  75.6028 284.5137 15.08826817163152
STARLINK-32779
1 63030U 25034B   25323.00288109  .00034115  00000+0  11585-2 0  9994
2 63030  53.1574  65.5037 0001209  96.7248 263.3890 15.30205702 41958
STARLINK-34976
1 65209U 25176M   25323.22578957  .00024686  00000+0  84302-3 0  9998
2 65209  53.1601 306.1252 0001200  93.4587 266.6551 15.30193344 16201
STARLINK-30601
1 58117U 23161W   25323.27795067  .00003117  00000+0  11727-3 0  9995
2 58117  53.1626 318.6297 0001201  94.9522 265.1616 15.30208836117516
STARLINK-30415
1 57821U 23138P   25322.77682372  .00000057  00000+0  19329-4 0  9995
2 57821  43.0035 118.5869 0001491 261.8083  98.2590 15.02543452122033
STARLINK-5869
1 57061U 23088P   25321.81454229 -.00000559  00000+0 -26291-4 0  9992
2 57061  43.0040 355.1209 0001289 263.1476  96.9220 15.02539957132567
STARLINK-4050
1 53274U 22086AJ  25323.28466904 -.00001617  00000+0 -83482-4 0  9998
2 53274  53.2175 319.7439 0001372  88.5829 271.5320 15.08845970184533
STARLINK-30126
1 56694U 23067G   25323.24689796 -.00005504  00000+0 -39269-3 0  9991
2 56694  42.9991 154.8277 0000995 267.4704  92.6025 15.02535593139042
STARLINK-31398
1 59415U 24064T   25322.31615014 -.00002760  00000+0 -90863-4 0  9991
2 59415  42.9998 325.0592 0000895 273.4284  86.6465 15.27564359 92198
STARLINK-33816
1 63677U 25085P   25323.22197792  .00029887  00000+0  10903-2 0  9991
2 63677  43.0025 294.9251 0001470 264.0463  96.0221 15.27607472 32077
STARLINK-33911
1 63777U 25091C   25323.24704876  .00032337  00000+0  11785-2 0  9991
2 63777  43.0012 309.0977 0001269 261.3036  98.7672 15.27608096 32093
STARLINK-35336
1 66006U 25232B   25323.13613599  .00046684  00000+0  11679-2 0  9997
2 66006  53.1604 258.5324 0001454 147.8446 212.2648 15.39672342  6481
STARLINK-3738
1 52117U 22029AF  25322.97233146  .00006003  00000+0  39492-3 0  9998
2 52117  53.2165 216.1503 0001546  87.2828 272.8341 15.08842627204083
STARLINK-3651
1 51985U 22025AF  25322.91808742  .00000271  00000+0  35089-4 0  9990
2 51985  53.2154 176.4033 0001422  88.4471 271.6684 15.08842567204337
STARLINK-3567
1 51871U 22022V   25322.92725058 -.00001467  00000+0 -74081-4 0  9995
2 51871  53.2142 146.3527 0001488  89.5934 270.5229 15.08840717206509
STARLINK-34596
1 64732U 25144J   25323.25908197  .00038143  00000+0  12921-2 0  9999
2 64732  53.1599 334.0393 0001623 124.9198 235.1955 15.30230802 22803
STARLINK-3818
1 52340U 22045K   25323.23360502  .00000760  00000+0  65863-4 0  9997
2 52340  53.2185 334.9773 0001535  84.5073 275.6094 15.08837092199091
STARLINK-34278
1 64391U 25127X   25322.68402784  .00041144  00000+0  14957-2 0  9994
2 64391  43.0016  86.3766 0002501 252.7569 107.3009 15.27593332 25499
STARLINK-32608
1 62124U 24222L   25322.61899534  .00033332  00000+0  12156-2 0  9996
2 62124  43.0053  43.3239 0001362 271.0242  89.0454 15.27572599 55750
STARLINK-32127
1 60146U 24120M   25323.13085612 -.00003002  00000+0 -89332-4 0  9992
2 60146  53.1583 113.1371 0001632  90.8286 269.2902 15.30179431 79455
STARLINK-5854
1 55923U 23037K   25323.11158460  .00010455  00000+0  88338-3 0  9997
2 55923  69.9991 223.2597 0002817 275.1198  84.9639 14.98302603146927
STARLINK-35039
1 65451U 25194T   25323.14054699  .00003879  00000+0  27287-3 0  9990
2 65451  97.6022 175.4276 0001776  88.4621 271.6809 15.05657982 13017
STARLINK-35169
1 65465U 25195H   25323.33336806  .00006121  00000+0  21863-3 0  9997
2 65465  53.1609  50.9583 0001269  79.8232 334.1393 15.30198940  5765
STARLINK-32100
1 59686U 24086E   25322.23850022 -.00001963  00000+0 -61846-4 0  9999
2 59686  43.0045 311.2056 0000788 247.6823 112.3945 15.27580457 87278
STARLINK-2052
1 47662U 21012AU  25323.26734009  .00138705  00000+0  23374-2 0  9991
2 47662  53.0418 158.7232 0009807 112.8151 247.3894 15.50685283264034
STARLINK-5278
1 54164U 22141H   25322.79709437 -.00001219  00000+0 -58522-4 0  9990
2 54164  53.2137 142.1447 0001342  89.4720 270.6426 15.08844692169118
STARLINK-32135
1 60277U 24131Y   25323.00373885  .00000957  00000+0  44462-4 0  9996
2 60277  53.1604 206.4417 0001269  83.7143 276.4002 15.30189141 74770
STARLINK-5835
1 55772U 23028AH  25323.25267708 -.00000364  00000+0 -22747-4 0  9993
2 55772  69.9994 142.7897 0002926 270.5419  89.5405 14.98336639149994
STARLINK-31645
1 59264U 24050L   25323.22116569  .00041783  00000+0  14135-2 0  9992
2 59264  53.1615 334.2303 0001921  73.8826 286.2386 15.30232703 93636
STARLINK-5019
1 55407U 23014S   25323.27154657  .00004028  00000+0  34521-3 0  9994
2 55407  69.9991 342.9498 0003108 266.9906  93.0897 14.98322822155519
STARLINK-30593
1 58112U 23161R   25323.26529190  .00000703  00000+0  35860-4 0  9994
2 58112  53.1618 318.5486 0001290 102.1848 257.9298 15.30193195117518
STARLINK-33638
1 63436U 25069D   25323.25004151  .00030623  00000+0  10416-2 0  9994
2 63436  53.1605 295.6238 0001261  84.5184 275.5961 15.30204780 36496
STARLINK-31837
1 61514U 24183F   25323.24894922  .00001831  00000+0  73958-4 0  9998
2 61514  53.1619 295.4137 0001230  98.6821 261.4319 15.30185036 62742
STARLINK-5146
1 54073U 22136Y   25323.16548436  .00000224  00000+0  32187-4 0  9997
2 54073  53.2163 114.9418 0001305  93.0499 267.0643 15.08837868170237
STARLINK-2405
1 47919U 21021BM  25322.68122359  .00009568  00000+0  66006-3 0  9994
2 47919  53.0544  59.9539 0001773  96.2664 263.8527 15.06418039259303
STARLINK-30290
1 57858U 23141U   25322.73896364 -.00006131  00000+0 -19487-3 0  9998
2 57858  53.1601  79.2877 0001258  89.8713 270.2432 15.30229087123343
STARLINK-34129
1 64138U 25111R   25321.56983154  .00030909  00000+0  11279-2 0  9998
2 64138  43.0033 351.2797 0001640 271.2752  88.7912 15.27582575 28369
STARLINK-6121
1 56129U 23046AP  25322.76210959 -.00000306  00000+0 -75961-5 0  9994
2 56129  43.0061 336.9937 0001232 269.6589  90.4112 15.02531414146129
STARLINK-30393
1 57866U 23144C   25323.26319454 -.00000441  00000+0 -17567-4 0  9995
2 57866  43.0033 167.1593 0000931 255.0848 104.9891 15.02534820120964
STARLINK-3106
1 49164U 21082AL  25323.01735251 -.00001429  00000+0 -11197-3 0  9995
2 49164  69.9992 193.4935 0003011 274.4653  85.6162 14.98341131231065
STARLINK-31246
1 58835U 24017K   25323.28278974  .00002417  00000+0  93721-4 0  9994
2 58835  53.1609 357.0603 0001223 102.7841 257.3296 15.30192729103153
STARLINK-34207
1 64333U 25124S   25322.56317291  .00041713  00000+0  15171-2 0  9993
2 64333  43.0004  29.4206 0000967 281.9801  78.0942 15.27573747 24785
STARLINK-30940
1 58409U 23180H   25322.86285912  .00001942  00000+0  84099-4 0  9994
2 58409  43.0001 173.2250 0001504 271.3941  88.6738 15.25895778112385
STARLINK-5728
1 55588U 23020V   25323.08427582 -.00000490  00000+0 -21240-4 0  9996
2 55588  43.0027 245.4440 0001190 264.8965  95.1741 15.02537070152288
STARLINK-34245
1 64193U 25113Z   25323.06228543  .00011779  00000+0  40921-3 0  9993
2 64193  53.1607 244.5576 0001347  97.0187 263.0967 15.30199017 28095
STARLINK-11096 [DTC]
1 59719U 24088M   25322.56341805  .00003124  00000+0  30600-4 0  9991
2 59719  53.1621 154.4454 0000401  96.8738 263.2325 15.69728213 88816
STARLINK-11336 [DTC]
1 61698U 24195M   25323.33336806  .00266654  00000+0  97337-3 0  9998
2 61698  53.1464 201.8697 0008507 212.4501 213.8162 15.87136050  5995
STARLINK-32725
1 62505U 25003U   25322.64606658  .00029588  00000+0  10801-2 0  9996
2 62505  43.0050 195.6637 0001950 256.1431 103.9204 15.27589884 49577
STARLINK-32646
1 62307U 24239G   25323.28433629  .00029601  00000+0  10071-2 0  9998
2 62307  53.1615 333.7279 0001240  99.4865 260.6276 15.30216203 52664
STARLINK-34257
1 65225U 25176AD  25323.24678083  .00046196  00000+0  15621-2 0  9996
2 65225  53.1588 305.5449 0001254  89.1360 270.9784 15.30201018 16152
STARLINK-31550
1 59338U 24057U   25322.78581116 -.00001653  00000+0 -50589-4 0  9994
2 59338  43.0043  93.7539 0002056 265.6834  94.3782 15.27560229 92875
STARLINK-31842
1 59672U 24084U   25321.95437151 -.00000555  00000+0 -10628-4 0  9992
2 59672  43.0045 309.4456 0001276 274.1270  85.9435 15.27580195 87324
STARLINK-33904
1 63887U 25094Z   25323.24650527  .00002901  00000+0  25066-3 0  9991
2 63887  69.9989 152.7712 0002549 275.4760  84.6108 14.98356549 30666
STARLINK-34507
1 64437U 25129AB  25323.22379987 -.00010878  00000+0 -90535-3 0  9995
2 64437  70.0028 352.8565 0003025 269.1595  90.9218 14.98326189 24741
STARLINK-1888
1 47171U 20088BB  25322.72084580  .00008221  00000+0  56996-3 0  9996
2 47171  53.0555  69.7769 0001333  98.5385 261.5755 15.06412328275251
STARLINK-31576
1 59208U 24046H   25323.25159654  .00000263  00000+0  20994-4 0  9990
2 59208  53.1616 308.1226 0001221  71.9041 288.2093 15.30198290 96148
STARLINK-1625
1 46131U 20057Q   25323.23313696  .00034009  00000+0  78322-3 0  9997
2 46131  53.0550  65.4669 0002879 322.2852  37.7950 15.42318352291053
STARLINK-11318 [DTC]
1 61252U 24175K   25322.97236869  .00000102  00000+0  57027-5 0  9997
2 61252  53.1595 242.3097 0001182  91.5334 268.5819 15.69712989 67144
STARLINK-32235
1 60739U 24152V   25323.01594205  .00000587  00000+0  31949-4 0  9999
2 60739  53.1615  62.6799 0001469  76.4980 283.6184 15.30187376 69852
STARLINK-2742
1 48688U 21044BC  25323.15259958  .00011088  00000+0  76271-3 0  9997
2 48688  53.0535 202.8394 0002082  99.8619 260.2605 15.06369198247810
STARLINK-31117
1 58776U 24011M   25322.95782455 -.00003619  00000+0 -11018-3 0  9994
2 58776  53.1606 168.2272 0000723 108.4427 251.6652 15.30184074103310
STARLINK-11705 [DTC]
1 63758U 25089H   25323.05504347  .00261097  00000+0  19710-2 0  9990
2 63758  43.0003 239.2818 0001095 246.1931 113.8822 15.70888488 32686
STARLINK-2612
1 48379U 21038AC  25323.19818768  .00000428  00000+0  47620-4 0  9994
2 48379  53.0516 127.6293 0001386  93.0265 267.0883 15.06405722250515
STARLINK-33547
1 62283U 24237S   25322.83094677  .00026625  00000+0  97319-3 0  9999
2 62283  43.0000 111.5178 0002854 254.4398 105.6138 15.27590807 54364
STARLINK-30322
1 57670U 23124H   25323.25603997  .00002867  00000+0  10890-3 0  9996
2 57670  53.1601   0.0223 0001118  79.0667 281.0460 15.30197539126650
STARLINK-5993
1 56449U 23064B   25323.01795380 -.00003167  00000+0 -25780-3 0  9994
2 56449  70.0019  63.6957 0002307 256.4553 103.6350 14.98322070138663
STARLINK-30991
1 58484U 23186M   25323.24538120 -.00006998  00000+0 -50312-3 0  9996
2 58484  43.0065 307.0682 0001109 283.3046  76.7672 15.02564596109235
STARLINK-34666
1 64794U 25150E   25322.98833638  .00050577  00000+0  11492-2 0  9997
2 64794  69.9983  58.0262 0003613 274.3991  85.6778 15.42752242 19822
STARLINK-34297
1 64261U 25120F   25323.15827416  .00015689  00000+0  54053-3 0  9996
2 64261  53.1590 270.0791 0000907  81.7347 278.3757 15.30210130 26896
STARLINK-35664
1 66223U 25244T   25323.25002315 -.00035458  00000+0 -63208-3 0  9997
2 66223  53.1607  26.7608 0001354  60.5814  31.0505 15.49321181  4541
STARLINK-3867
1 52587U 22051BD  25323.09102696  .00001000  00000+0  80932-4 0  9991
2 52587  53.2171 255.4695 0001512  96.6870 263.4295 15.08841205194895
STARLINK-5088
1 54000U 22125AN  25323.22397134  .00001528  00000+0  11411-3 0  9993
2 54000  53.2188 340.2071 0001303  84.4694 275.6447 15.08832043172927
STARLINK-5447
1 54779U 22175X   25321.97966557 -.00001394  00000+0 -69527-4 0  9997
2 54779  53.2147 170.7099 0001058  81.8550 278.2562 15.08835801163269
STARLINK-30848
1 58240U 23171L   25322.63500656 -.00000111  00000+0  68420-5 0  9996
2 58240  43.0007 170.8083 0001012 268.6188  91.4538 15.02527736113008
STARLINK-34913
1 65369U 25190U   25323.30170714  .00049079  00000+0  16564-2 0  9996
2 65369  53.1590 320.9632 0001236  91.4066 268.7076 15.30237408 12852
STARLINK-3621
1 51769U 22017B   25323.12504926 -.00001100  00000+0 -51035-4 0  9995
2 51769  53.2146 115.4641 0001235  87.3935 272.7198 15.08839059205910
STARLINK-35131
1 66075U 25235T   25323.00002315  .00042761  00000+0  10742-2 0  9992
2 66075  53.1609  40.8664 0001268  89.7712 275.0417 15.39585930  6065
STARLINK-5143
1 54089U 22136AQ  25322.78877154 -.00001150  00000+0 -54168-4 0  9997
2 54089  53.2157 111.8412 0001619  74.3616 285.7554 15.08835848170243
STARLINK-5037
1 53896U 22119L   25323.11353268 -.00000924  00000+0 -39995-4 0  9995
2 53896  53.2152 100.3527 0001512  77.5481 282.5681 15.08836350174991
STARLINK-33883
1 63781U 25091G   25323.27692162  .00052891  00000+0  19136-2 0  9998
2 63781  42.9987 316.2849 0001655 261.3285  98.7379 15.27651419 32013
STARLINK-31205
1 59046U 24038Z   25322.90489901  .00002463  00000+0  98997-4 0  9995
2 59046  43.0036 289.3494 0001223 250.5769 109.4951 15.27578557 97853
STARLINK-5863
1 55922U 23037J   25323.10741135 -.00003493  00000+0 -28522-3 0  9997
2 55922  70.0025 223.2452 0002185 283.4234  76.6681 14.98321563146929
STARLINK-30523
1 57997U 23153G   25322.00708942  .00001852  00000+0  15215-3 0  9997
2 57997  43.0057 315.8406 0001266 262.1223  97.9475 15.02532087118079
STARLINK-32898
1 62998U 25031T   25322.60530407  .00040342  00000+0  14672-2 0  9998
2 62998  42.9978  50.9120 0002248 239.1002 120.9629 15.27585222 44102
STARLINK-30608
1 58091U 23160S   25323.28834815 -.00003514  00000+0 -24520-3 0  9999
2 58091  43.0023 319.8886 0000834 277.3645  82.7102 15.02530450116316
STARLINK-32310
1 61662U 24193B   25323.08975994 -.00003340  00000+0 -10084-3 0  9993
2 61662  53.1614 244.7109 0001354  92.1964 267.9192 15.30155206 59596
STARLINK-34082
1 64100U 25110E   25322.88152864  .00032850  00000+0  11161-2 0  9995
2 64100  53.1604 181.7188 0001390  89.3756 270.7405 15.30206198 28917
STARLINK-32628
1 62122U 24222J   25322.95235579  .00035229  00000+0  12835-2 0  9995
2 62122  43.0031  41.5258 0001802 259.5645 100.5003 15.27582779 55987
STARLINK-32238
1 61661U 24193A   25323.10977982  .00000592  00000+0  32129-4 0  9993
2 61661  53.1615 244.8336 0001240  90.4149 269.6994 15.30179876 59597
STARLINK-5198
1 54099U 22136BA  25322.82553099 -.00008875  00000+0 -54005-3 0  9992
2 54099  53.2158 111.3657 0001550  76.0488 284.0677 15.08850631170257
STARLINK-5470
1 54776U 22175U   25322.92950243  .00002728  00000+0  18942-3 0  9999
2 54776  53.2161 180.9476 0001244 100.8303 259.2830 15.08836889163207
STARLINK-4061
1 53247U 22086F   25323.29619165  .00001722  00000+0  12627-3 0  9995
2 53247  53.2182 334.8802 0001410  85.7353 274.3801 15.08842335184646
STARLINK-34364
1 64495U 25133Z   25323.13878277  .00020136  00000+0  69050-3 0  9994
2 64495  53.1595 268.0634 0001238 103.4542 256.6597 15.30182958 24299
STARLINK-34770
1 65036U 25161X   25323.08977262  .00024980  00000+0  85254-3 0  9990
2 65036  53.1567  88.1289 0001571  82.2632 277.8547 15.30205271 17297
STARLINK-5156
1 53973U 22125K   25323.26624942 -.00002144  00000+0 -11673-3 0  9992
2 53973  53.2176 359.7116 0001297  86.4650 273.6490 15.08825383172658
STARLINK-4559
1 53574U 22101AZ  25322.89915596  .00001424  00000+0  10756-3 0  9998
2 53574  53.2169 191.1923 0001218  90.4367 269.6765 15.08839280179720
STARLINK-3934
1 52675U 22053V   25323.14483452  .00010067  00000+0  64943-3 0  9995
2 52675  53.2161 280.3731 0001152  88.2718 271.8406 15.08855608194482
STARLINK-11518 [DTC]
1 62462U 24254A   25322.90732383  .00206129  00000+0  15683-2 0  9990
2 62462  42.9967 171.1375 0001742 282.2048  77.8625 15.70871293 51985
STARLINK-34186
1 64145U 25111Y   25321.49801497  .00055525  00000+0  20095-2 0  9994
2 64145  43.0010 351.5962 0001069 215.1216 144.9565 15.27623977 28301
STARLINK-4666
1 53789U 22111S   25322.95987855  .00014901  00000+0  95241-3 0  9997
2 53789  53.2188  50.9279 0001558  88.0930 272.0241 15.08836301176973
STARLINK-11306 [DTC]
1 61254U 24175M   25323.08989368  .00000622  00000+0  99904-5 0  9998
2 61254  53.1597 241.6130 0001215  85.7423 274.3734 15.69715541 67192
STARLINK-31735
1 60054U 24112S   25322.97750409  .00000037  00000+0  13391-4 0  9990
2 60054  53.1604 232.4150 0001264  97.7428 262.3716 15.30190876 81649
STARLINK-32479
1 62148U 24224K   25321.70473824  .00039880  00000+0  14495-2 0  9995
2 62148  43.0036  70.5110 0001957 269.2132  90.8495 15.27612454 55293
STARLINK-33770
1 63906U 25095S   25321.76651782  .00033005  00000+0  12029-2 0  9996
2 63906  43.0006  88.0336 0001743 260.0476 100.0179 15.27597234 30665
STARLINK-32161
1 60593U 24150L   25322.78900157  .00012461  00000+0  43208-3 0  9999
2 60593  53.1590 102.0285 0004655  64.3919 295.7563 15.30201212 70986
STARLINK-5947
1 55989U 23042D   25323.24166985  .00000415  00000+0  45792-4 0  9993
2 55989  43.0048 296.4710 0001855 282.1300  77.9335 15.02532050146290
STARLINK-31223
1 58865U 24019N   25323.26139738 -.00000497  00000+0 -85455-5 0  9995
2 58865  43.0033 152.5866 0001486 267.1669  92.9012 15.27572911102170
STARLINK-5592
1 55741U 23028A   25322.97738561 -.00000545  00000+0 -37914-4 0  9990
2 55741  69.9979 163.7165 0003049 271.4291  88.6519 14.98322489149645
STARLINK-11076 [DTC]
1 58709U 24002E   25322.80767429  .00001160  00000+0  14439-4 0  9996
2 58709  53.1588 100.5178 0001342  77.3409 282.7759 15.69710330109020
STARLINK-30354
1 57772U 23134B   25322.72998672 -.00001014  00000+0 -59972-4 0  9998
2 57772  43.0039  80.1191 0001495 285.2635  74.8042 15.02539841122782
STARLINK-3898
1 52458U 22049H   25323.00365267 -.00000026  00000+0  16421-4 0  9991
2 52458  53.2179 206.0135 0001031  79.2426 280.8682 15.08838178195407
STARLINK-5655
1 55336U 23013F   25323.25437784  .00000058  00000+0  19405-4 0  9991
2 55336  43.0023 167.5994 0001617 270.1879  89.8778 15.02535832155244
STARLINK-11568 [DTC]
1 63307U 25057A   25322.75214628  .00197531  00000+0  15013-2 0  9994
2 63307  43.0021 212.9026 0004780 290.5083  69.5272 15.70914171 39738
STARLINK-35747
1 66207U 25244B   25323.21455443  .00164621  00000+0  11043-2 0  9991
2 66207  53.1599  25.9890 0000962  66.4115 293.7006 15.74234119  4703
STARLINK-30508
1 57979U 23151R   25323.04582528 -.00005462  00000+0 -38925-3 0  9996
2 57979  43.0047 233.2470 0001167 262.2387  97.8323 15.02564736118936
STARLINK-33668
1 63402U 25065D   25322.36880849  .00046640  00000+0  16935-2 0  9998
2 63402  43.0017  15.8710 0001204 264.6167  95.4547 15.27584276 35811
STARLINK-34828
1 65353U 25190C   25323.27216194  .00011760  00000+0  40858-3 0  9998
2 65353  53.1599 320.7832 0001342 104.8919 255.2231 15.30198013 12850
STARLINK-31259
1 59076U 24041C   25322.97668613  .00001320  00000+0  57492-4 0  9994
2 59076  43.0000 215.5925 0001122 219.7004 140.3766 15.27567092 96291
STARLINK-4115
1 53032U 22076AY  25323.02891244  .00000671  00000+0  60237-4 0  9990
2 53032  53.2163 220.8937 0001313  87.7507 272.3636 15.08835003186285
STARLINK-30978
1 58490U 23186T   25323.27203127  .00001382  00000+0  11739-3 0  9992
2 58490  43.0034 307.2712 0001630 274.2993  85.7663 15.02530570109238
STARLINK-3501
1 51748U 22016AL  25322.75612696  .00001221  00000+0  94745-4 0  9990
2 51748  53.2168  87.1187 0001130  67.1184 292.9927 15.08854484206955
STARLINK-32441
1 61668U 24193H   25323.10239242  .00001009  00000+0  46206-4 0  9995
2 61668  53.1611 244.7902 0001415  68.6952 291.4200 15.30198650 59595
STARLINK-2422
1 47832U 21018AX  25322.89410046 -.00000694  00000+0 -27726-4 0  9990
2 47832  53.0562  28.9995 0001420  87.3155 272.7996 15.06393063259896
STARLINK-33632
1 63577U 25076J   25323.03314881  .00024135  00000+0  88342-3 0  9993
2 63577  43.0006 226.9083 0001211 268.2434  91.8279 15.27590501 34904
STARLINK-33562
1 62102U 24220Q   25323.12967375  .00033527  00000+0  12226-2 0  9990
2 62102  43.0047 109.8303 0001784 271.8695  88.1952 15.27572129 56110
STARLINK-30453
1 57910U 23146V   25322.95686592 -.00000012  00000+0  14191-4 0  9995
2 57910  43.0010 194.6484 0000558 285.2912  74.7868 15.02529339119353
STARLINK-31886
1 59662U 24084J   25323.26676968 -.00000582  00000+0 -11638-4 0  9990
2 59662  43.0049 305.5602 0000934 283.8464  76.2284 15.27573601 87485
STARLINK-34311
1 64206U 25117D   25322.92632848  .00051231  00000+0  17270-2 0  9990
2 64206  53.1585 194.3511 0000863  68.0630 292.0462 15.30256576 27599
STARLINK-5860
1 57052U 23088E   25322.51927502 -.00000468  00000+0 -19602-4 0  9996
2 57052  43.0043 351.8155 0001308 260.4709  99.5986 15.02536570133640
STARLINK-4121
1 53002U 22076S   25323.06479231  .00004005  00000+0  26958-3 0  9995
2 53002  53.2169 230.7333 0001663  89.8751 270.2432 15.08843863186149
STARLINK-11091 [DTC]
1 61207U 24171H   25322.41888578 -.00000176  00000+0  34032-5 0  9995
2 61207  53.1589   4.6941 0001226  83.6575 276.4583 15.69714452 66920
STARLINK-5838
1 57073U 23088AB  25321.47586332 -.00000579  00000+0 -27776-4 0  9999
2 57073  43.0050 344.7444 0001489 275.5473  84.5199 15.02550828132650
STARLINK-3690
1 51964U 22025J   25323.27794133 -.00004363  00000+0 -27417-3 0  9998
2 51964  53.0524 162.6746 0001695  87.9791 272.1392 15.06401672204330
STARLINK-6163
1 57128U 23090AD  25323.24796301  .00001009  00000+0  89749-4 0  9994
2 57128  43.0031 154.4519 0001177 269.9629  90.1078 15.02533570133614
STARLINK-5660
1 55335U 23013E   25322.92174402 -.00002979  00000+0 -20543-3 0  9998
2 55335  43.0024 182.5079 0001129 256.0960 103.9756 15.02551987155048
STARLINK-30088
1 57462U 23107F   25323.01284716 -.00008422  00000+0 -60853-3 0  9993
2 57462  43.0025 220.4427 0001399 275.0364  85.0318 15.02570034128463
STARLINK-32906
1 63080U 25037D   25323.33336806  .00040083  00000+0  33500-2 0  9998
2 63080  70.0005 272.8833 0002889 269.7080 213.4548 14.98305451  5724
STARLINK-4044
1 52662U 22053G   25323.18807588  .00001769  00000+0  12923-3 0  9995
2 52662  53.2182 290.1812 0001413  97.4377 262.6776 15.08838072194364
STARLINK-34192
1 64014U 25101W   25323.13888232  .00026511  00000+0  96964-3 0  9995
2 64014  43.0031 262.6599 0002262 273.7063  86.3530 15.27572965 30149
STARLINK-11374 [DTC]
1 61581U 24187H   25323.14869880  .00001228  00000+0  14988-4 0  9998
2 61581  53.1608 121.5443 0000490  90.3554 269.7520 15.69705870 63430
STARLINK-31408
1 59240U 24049K   25322.66946042 -.00000537  00000+0 -10007-4 0  9998
2 59240  42.9974  50.8083 0000866 252.0129 108.0628 15.27563377 95423
STARLINK-1764
1 46343U 20062U   25323.24925132  .00108233  00000+0  29762-2 0  9997
2 46343  53.0530 127.5888 0001551 194.8869 165.2087 15.36359899288010
STARLINK-4120
1 53537U 22101L   25322.97558648  .00007103  00000+0  46391-3 0  9991
2 53537  53.2156 211.1076 0001581  91.6940 268.4233 15.08841303179456
STARLINK-11190 [DTC]
1 60911U 24154J   25323.22090090 -.00001295  00000+0 -58164-5 0  9997
2 60911  53.1596 315.8508 0002139  45.3774 314.7418 15.69707221 71155
STARLINK-3585
1 51875U 22022Z   25323.23274324 -.00014585  00000+0 -90194-3 0  9996
2 51875  53.2078 144.8961 0001283 129.2714 230.8392 15.08766427206445
STARLINK-33851
1 63683U 25085V   25323.18985076  .00034768  00000+0  12661-2 0  9990
2 63683  43.0042 294.6825 0000061 220.4749 139.6099 15.27603904 31976
STARLINK-34252
1 64330U 25124P   25322.89395517  .00033064  00000+0  12064-2 0  9991
2 64330  43.0007  27.6066 0001219 267.8523  92.2189 15.27559983 24837
STARLINK-32819
1 62995U 25031Q   25322.64886727  .00062339  00000+0  22544-2 0  9995
2 62995  43.0042  50.3788 0001074 321.9173  38.1602 15.27600252 44115
STARLINK-31584
1 59862U 24098E   25322.96282817  .00002602  00000+0  10400-3 0  9997
2 59862  42.9990 183.1739 0001032 282.8759  77.1977 15.27597432 84919
STARLINK-31063
1 58547U 23192S   25323.00164246  .00000965  00000+0  44707-4 0  9999
2 58547  53.1614 206.5380 0001406  77.5771 282.5387 15.30194234109186
STARLINK-3834
1 52368U 22045AP  25323.27501502  .00001597  00000+0  11839-3 0  9990
2 52368  53.2195 324.7907 0001392  86.4613 273.6539 15.08841941199247
STARLINK-30540
1 58002U 23153M   25322.95442651 -.00001471  00000+0 -93826-4 0  9995
2 58002  43.0008 310.8856 0001890 283.9314  76.1318 15.02535730118110
STARLINK-31571
1 59362U 24060Q   25323.27160684  .00000097  00000+0  13068-4 0  9993
2 59362  43.0026 163.6269 0001148 267.5688  92.5032 15.27570851 93173
STARLINK-34768
1 65095U 25167T   25322.88251729  .00030455  00000+0  10345-2 0  9993
2 65095  53.1617 181.4268 0000546  37.5491 322.5548 15.30251630 16512
STARLINK-11425 [DTC]
1 61943U 24209E   25323.15726374  .00206590  00000+0  16609-2 0  9995
2 61943  53.1579 196.4328 0001172  45.0340 315.0773 15.69811571 59313
STARLINK-4122
1 53272U 22086AG  25323.29202536  .00001039  00000+0  83365-4 0  9992
2 53272  53.2180 319.7141 0001149  83.8161 276.2962 15.08839650184538
STARLINK-31480
1 59306U 24056L   25323.17261019  .00000975  00000+0  44978-4 0  9998
2 59306  42.9989 134.7251 0001110 263.3893  96.6832 15.27557339 94257
STARLINK-31477
1 59314U 24056U   25322.81064417  .00000790  00000+0  38233-4 0  9992
2 59314  43.0008 129.3789 0001910 270.7440  89.3193 15.27591275 94283
STARLINK-32020
1 60201U 24124U   25323.00002315 -.00001229  00000+0 -29367-4 0  9994
2 60201  53.1575 116.3876 0002003  62.8210 240.5858 15.30196182  5983
STARLINK-4715
1 53801U 22111AE  25322.96080004 -.00000495  00000+0 -13026-4 0  9990
2 53801  53.2186  40.9517 0001291  86.3843 273.7297 15.08838571177104
STARLINK-30710
1 57938U 23148D   25322.57968320 -.00000578  00000+0 -74050-5 0  9996
2 57938  53.1610 170.3167 0001416  86.4525 273.6638 15.30188984121542
STARLINK-35594
1 66157U 25240M   25323.20319554  .00073850  00000+0  13205-2 0  9997
2 66157  53.1595 217.3407 0001353  84.6910 275.4253 15.49371163  5057
STARLINK-32955
1 63117U 25039P   25323.14597457  .00023018  00000+0  84260-3 0  9990
2 63117  43.0043 276.8141 0001613 283.2633  76.8039 15.27610546 41163
STARLINK-31931
1 59864U 24098G   25322.67192639 -.00002556  00000+0 -83441-4 0  9995
2 59864  43.0045 185.2925 0001273 269.7670  90.3036 15.27556736 84866
STARLINK-11231 [DTC]
1 61057U 24164H   25322.90259218  .00000795  00000+0  11414-4 0  9991
2 61057  53.1577 137.7678 0000785  65.1674 294.9425 15.69712524 68019
STARLINK-32586
1 61975U 24210S   25322.75590082  .00032933  00000+0  12006-2 0  9997
2 61975  42.9999  86.3515 0000978 265.6313  94.4427 15.27588728 57915
STARLINK-5306
1 55271U 23010C   25323.27130694  .00001309  00000+0  11746-3 0  9997
2 55271  69.9994 322.9678 0002930 269.7576  90.3247 14.98339511156248
STARLINK-31553
1 59363U 24060R   25323.26100728 -.00000231  00000+0  11371-5 0  9993
2 59363  43.0011 156.6091 0001366 281.7589  78.3109 15.27572814 93250
STARLINK-32732
1 62488U 25003B   25321.99477858  .00022323  00000+0  81727-3 0  9997
2 62488  43.0031 199.3910 0001825 268.9555  91.1088 15.27619848 49471
STARLINK-3044
1 49438U 21104AG  25323.26308627 -.00000595  00000+0 -19308-4 0  9990
2 49438  53.2166 344.7778 0001214  90.4563 269.6568 15.08824178222246
STARLINK-32177
1 60441U 24144S   25322.85772866  .00000717  00000+0  36339-4 0  9995
2 60441  53.1618  11.6928 0001322  94.2320 265.8832 15.30185110 72341
STARLINK-5747
1 55574U 23020F   25322.84500937 -.00001333  00000+0 -83607-4 0  9992
2 55574  43.0064 247.0892 0001162 262.0840  97.9870 15.02534652152246
STARLINK-30094
1 56305U 23056V   25323.05544953 -.00001089  00000+0 -65573-4 0  9994
2 56305  43.0064  91.1611 0001258 282.5037  77.5664 15.02541499143441
STARLINK-1452
1 45669U 20035N   25322.61893134  .00053412  00000+0  19053-2 0  9993
2 45669  53.0399 183.8105 0012320  82.0436 278.1960 15.28324822302294
STARLINK-30715
1 57941U 23148G   25321.98338483 -.00000449  00000+0 -30332-5 0  9997
2 57941  53.1602 172.8525 0001283  93.9699 266.1448 15.30186801121462
STARLINK-5415
1 54796U 22175AQ  25323.27129404 -.00003173  00000+0 -18129-3 0  9991
2 54796  53.2141 164.5592 0001305  97.4812 262.6329 15.08847380163465
STARLINK-31295
1 59095U 24041X   25323.00238260  .00000415  00000+0  24601-4 0  9991
2 59095  43.0006 215.7740 0001536 271.7851  88.2825 15.27574659 97342
STARLINK-11341 [DTC]
1 61696U 24195K   25322.95516861  .00000625  00000+0  10018-4 0  9990
2 61696  53.1597 211.9835 0001178  85.8515 274.2637 15.69709888 61647
STARLINK-35139
1 66380U 25257A   25322.66672454 -.01312438  00000+0 -57033-2 0  9991
2 66380  53.1540  20.5713 0001110  48.4520  14.8525 15.86747698  2566
STARLINK-31137
1 58686U 23211V   25321.81510227 -.00002173  00000+0 -69489-4 0  9995
2 58686  43.0032 357.1855 0000971 297.1220  62.9532 15.27571962105357
STARLINK-30921
1 58383U 23178K   25323.26489091  .00002260  00000+0  88410-4 0  9996
2 58383  53.1587 154.0766 0001621  83.7592 276.3594 15.30194966112960
STARLINK-30909
1 58363U 23177N   25322.80538132 -.00000150  00000+0  39321-5 0  9998
2 58363  43.0028 234.2980 0001037 275.8675  84.2049 15.02523975111530
STARLINK-34860
1 65357U 25190G   25323.30276581  .00012421  00000+0  43062-3 0  9997
2 65357  53.1600 320.9790 0001727  90.6086 269.5113 15.30212145 12384
STARLINK-34115
1 63972U 25099W   25323.02603898  .00027226  00000+0  99527-3 0  9996
2 63972  43.0009  77.5581 0001247 281.0844  78.9868 15.27579897 30457
STARLINK-5425
1 54791U 22175AK  25322.95852534  .00000854  00000+0  71700-4 0  9993
2 54791  53.2106 166.1564 0001503  72.6740 287.4417 15.08848420163417
STARLINK-32554
1 62136U 24222Y   25322.94978204  .00013871  00000+0  51268-3 0  9991
2 62136  43.0045  41.5034 0001674 268.6363  91.4297 15.27577733 55868
STARLINK-35324
1 65838U 25221R   25323.08497485  .00037299  00000+0  12642-2 0  9998
2 65838  53.1608 242.4959 0001416  94.1402 265.9761 15.30222875  7796
STARLINK-6286
1 56558U 23065BH  25323.12281440  .00001880  00000+0  15429-3 0  9992
2 56558  43.0036 104.0415 0001390 274.2415  85.8268 15.02521037139848
STARLINK-3778
1 52276U 22041R   25323.05053637 -.00000684  00000+0 -24891-4 0  9992
2 52276  53.2161 245.7974 0001735  94.0099 266.1092 15.08834349197667
STARLINK-5572
1 55378U 23013AZ  25322.94800942 -.00000575  00000+0 -27469-4 0  9997
2 55378  43.0029 194.8332 0001058 269.7492  90.3229 15.02535671154900
STARLINK-31884
1 59676U 24084Y   25323.25263369  .00000824  00000+0  39465-4 0  9996
2 59676  43.0032 305.4687 0001541 279.4625  80.6053 15.27581441 87483
STARLINK-34213
1 64148U 25112C   25323.15695567  .00003486  00000+0  24567-3 0  9990
2 64148  97.6051  12.5160 0000148 218.3397 141.7819 15.05649630 26675
STARLINK-11716 [DTC]
1 64133U 25111L   25323.16490640  .00136375  00000+0  10467-2 0  9996
2 64133  42.9999 280.3014 0001709 270.9343  89.1329 15.70889880 29304
STARLINK-30946
1 58450U 23183P   25322.94834423  .00000628  00000+0  61523-4 0  9996
2 58450  43.0058 285.2531 0000680 269.7934  90.2830 15.02531010110051
STARLINK-34671
1 65033U 25161U   25322.77480617  .00033842  00000+0  11486-2 0  9997
2 65033  53.1565  89.7222 0001338  79.7350 280.3801 15.30226394 17241
STARLINK-34647
1 64904U 25157A   25323.23346091  .00050971  00000+0  12753-2 0  9997
2 64904  53.1605 144.3319 0000612  55.5798 304.5265 15.39632011 19138
STARLINK-34506
1 64432U 25129W   25323.28208234  .00015935  00000+0  13398-2 0  9990
2 64432  70.0029 352.6593 0002871 259.5052 100.5784 14.98342717 24690
STARLINK-31002
1 58495U 23186Y   25323.25204923  .00000780  00000+0  72789-4 0  9994
2 58495  43.0003 307.1183 0000215 158.4728 201.6124 15.02538073109403
STARLINK-30476
1 57930U 23147T   25322.90270167  .00033437  00000+0  15244-2 0  9994
2 57930  42.9957 178.5455 0016983 222.4356 137.5181 15.19941977120268
STARLINK-33805
1 63590U 25076X   25323.03957062  .00032714  00000+0  11926-2 0  9997
2 63590  43.0004 226.9429 0001230 266.8408  93.2303 15.27592636 34902
STARLINK-32379
1 61851U 24202G   25322.89093753 -.00006077  00000+0 -21147-3 0  9998
2 61851  43.0030 132.3675 0001050 270.1766  89.8965 15.27584499 58513
STARLINK-35458
1 65925U 25225R   25322.30615758  .00104758  00000+0  18649-2 0  9996
2 65925  53.1595 323.1195 0001527  93.1972 266.9212 15.49333203  7353
STARLINK-1807
1 46706U 20073AN  25322.84651744  .00027195  00000+0  14351-2 0  9997
2 46706  53.0514  15.7772 0002151 220.6590 139.4243 15.15366834280474
STARLINK-11718 [DTC]
1 64132U 25111K   25323.04396452  .00194195  00000+0  14821-2 0  9990
2 64132  42.9994 281.1177 0001135 300.5162  59.5593 15.70835146 29286
STARLINK-35226
1 65492U 25198A   25323.02997882  .00064841  00000+0  16170-2 0  9990
2 65492  53.1586  70.2528 0003021  77.2860 282.8482 15.39622183 11608
STARLINK-30830
1 58194U 23167V   25322.59262053 -.00000677  00000+0 -35021-4 0  9998
2 58194  43.0038  29.5580 0001303 273.0645  87.0048 15.02529581114247
STARLINK-30120
1 56824U 23079B   25321.81012252  .00001949  00000+0  15925-3 0  9997
2 56824  43.0053 355.3993 0000668 294.1576  65.9197 15.02554985136374
STARLINK-30920
1 58378U 23178E   25322.94727183 -.00002518  00000+0 -72956-4 0  9997
2 58378  53.1568 142.8949 0000914   3.1230 356.9777 15.30190139113114
STARLINK-32878
1 62892U 25024P   25323.05062920 -.00040205  00000+0 -14602-2 0  9996
2 62892  43.0024 230.3255 0000746 240.3546 119.7232 15.27563097 45349