STARLINK-5952
1 56923U 23083AZ  25322.95217082 -.00000808  00000+0 -44775-4 0  9997
2 56923  43.0042 310.3984 0000324 117.7226 242.3649 15.02523251135165
STARLINK-34317
1 64162U 25112S   25323.24282735  .00015055  00000+0  10458-2 0  9993
2 64162  97.6035  12.7185 0000401  91.6024 268.5249 15.05635505 26696
STARLINK-3777
1 52294U 22041AK  25322.99256948 -.00001656  00000+0 -86000-4 0  9994
2 52294  53.2181 236.0580 0001813 104.1546 255.9648 15.08831555197795
STARLINK-31940
1 59873U 24098R   25322.65986454 -.00014198  00000+0 -50654-3 0  9993
2 59873  43.0011 177.4157 0000933 258.4729 101.6018 15.27635875 84959
STARLINK-34321
1 64267U 25120M   25323.13927418  .00032889  00000+0  11179-2 0  9995
2 64267  53.1596 269.9584 0001286  76.8228 283.2916 15.30190991 26994
STARLINK-34557
1 64726U 25144C   25323.24958533  .00038728  00000+0  13126-2 0  9997
2 64726  53.1601 333.9822 0001274 111.7051 248.4086 15.30208320 22801
STARLINK-31947
1 59835U 24097A   25322.88765705  .00000624  00000+0  32217-4 0  9992
2 59835  42.9984 179.8899 0001269 264.8590  95.2117 15.27572670 84976
STARLINK-2169
1 47752U 21017AG  25323.25024874 -.00000731  00000+0 -30193-4 0  9995
2 47752  53.0548 342.3992 0001262 106.7384 253.3743 15.06400684261206
STARLINK-31928
1 59897U 24100N   25322.59866516  .00009892  00000+0  36926-3 0  9991
2 59897  43.0038  33.0705 0000646 326.2093  33.8718 15.27512674 84065
STARLINK-30783
1 58130U 23162N   25322.87651763 -.00001189  00000+0 -72958-4 0  9993
2 58130  43.0066  14.9728 0000742 271.6694  88.4063 15.02530639115636
STARLINK-32912
1 63088U 25037M   25323.25207438 -.00010130  00000+0 -84225-3 0  9998
2 63088  70.0007 272.7433 0002449 272.0173  88.0705 14.98338903 42169
STARLINK-31242
1 58864U 24019M   25323.26009693  .00008401  00000+0  31429-3 0  9991
2 58864  43.0019 152.5709 0001246 257.6619 102.4094 15.27596552102198
STARLINK-6064
1 56805U 23078AQ  25323.19525980  .00001081  00000+0  98344-4 0  9999
2 56805  70.0015 243.0018 0002558 267.1517  92.9349 14.98338703136626
STARLINK-4194
1 53000U 22076Q   25323.06846947  .00001333  00000+0  10180-3 0  9996
2 53000  53.2167 230.7170 0001298  92.8817 267.2323 15.08840452186141
STARLINK-4384
1 53218U 22084AF  25323.15061684 -.00004451  00000+0 -30460-3 0  9992
2 53218  97.6032  22.3261 0001431  95.8668 264.2722 15.05636338183271
STARLINK-31637
1 59258U 24050E   25323.26010935  .00004228  00000+0  15493-3 0  9991
2 59258  53.1619 333.7643 0001393  66.7499 293.3648 15.30174601 93647
STARLINK-4375
1 53192U 22084D   25323.14783234  .00000880  00000+0  65201-4 0  9996
2 53192  97.6028  22.2411 0001528  88.0090 272.1312 15.05646657183417
STARLINK-2336
1 47879U 21021V   25323.02171355  .00001502  00000+0  11974-3 0  9992
2 47879  53.0561  63.4239 0001420  77.7621 282.3527 15.06400273259475
STARLINK-3702
1 52100U 22029N   25322.90885267  .00001260  00000+0  97232-4 0  9997
2 52100  53.2172 226.4331 0001411  89.7559 270.3595 15.08839010203934
STARLINK-30816
1 58162U 23166N   25322.87308754  .00000840  00000+0  40508-4 0  9998
2 58162  53.1615  14.2882 0001258  72.7596 287.3542 15.30188665116217
STARLINK-35497
1 66241U 25245H   25323.25002315 -.02018187  00000+0 -31478-1 0  9992
2 66241  53.1600  80.6084 0000796  85.9429 328.5835 15.56333233  4272
STARLINK-31612
1 59337U 24057T   25323.08703869  .00000376  00000+0  23211-4 0  9999
2 59337  43.0059  91.7102 0001362 260.8162  99.2536 15.27572141 92928
STARLINK-5187
1 54065U 22136Q   25322.85409341 -.00000162  00000+0  79523-5 0  9992
2 54065  53.2169 121.5328 0001995  86.7894 273.3327 15.08837703170115
STARLINK-35034
1 65431U 25192AD  25322.60798871  .00045859  00000+0  11479-2 0  9992
2 65431  53.1607  34.9505 0001670 108.6198 251.4988 15.39664055 12280
STARLINK-31583
1 59369U 24060X   25322.94985893  .00015665  00000+0  57894-3 0  9991
2 59369  42.9992 154.2597 0000637 228.0459 132.0339 15.27500679 93250
STARLINK-2379
1 47798U 21018M   25322.87012790  .00007645  00000+0  53127-3 0  9997
2 47798  53.0548   9.1074 0001364  86.2138 273.9007 15.06419905260179
STARLINK-2535
1 48295U 21036V   25323.02034520 -.00002412  00000+0 -14310-3 0  9993
2 48295  53.0556 218.4379 0001722  87.9759 272.1427 15.06390616251634
STARLINK-6332
1 57339U 23099M   25323.19540163 -.00000008  00000+0  14466-4 0  9997
2 57339  43.0038 129.5139 0001393 270.5564  89.5118 15.02542124129495
STARLINK-35319
1 65743U 25216K   25323.17800449  .00046768  00000+0  11716-2 0  9997
2 65743  53.1593 126.2120 0000933  80.3261 279.7850 15.39630339  9674
STARLINK-2698
1 48458U 21040AG  25323.30739462 -.00000662  00000+0 -25577-4 0  9990
2 48458  53.0546 322.2314 0001307  79.2050 280.9086 15.06391886250631
STARLINK-3550
1 52373U 22045AU  25323.26028940  .00002028  00000+0  14545-3 0  9992
2 52373  53.2205 324.8574 0001877  93.5519 266.5688 15.08842136199252
STARLINK-31540
1 59542U 24074J   25323.10085695 -.00001867  00000+0 -58330-4 0  9997
2 59542  43.0010 247.8624 0001806 273.5998  86.4647 15.27586100 89104
STARLINK-5391
1 54833U 22177P   25322.85552553  .00000864  00000+0  79071-4 0  9999
2 54833  43.0058  15.5161 0001286 263.5097  96.5599 15.02522457160286
STARLINK-31013
1 58526U 23191U   25321.81200708  .00000656  00000+0  63595-4 0  9999
2 58526  43.0061 353.7498 0000927 274.8270  85.2466 15.02536518108612
STARLINK-33705
1 63651U 25083T   25323.15839508  .00027390  00000+0  10005-2 0  9991
2 63651  43.0045 269.3270 0002212 272.1870  87.8728 15.27602309 33193
STARLINK-2745
1 48671U 21044AK  25323.25351302  .00000696  00000+0  65671-4 0  9992
2 48671  53.0536 247.6944 0001419  93.8951 266.2200 15.06380188247197
STARLINK-31342
1 59166U 24044Q   25323.03801411  .00001417  00000+0  61038-4 0  9998
2 59166  43.0029  11.8641 0000717 233.7611 126.3175 15.27560942 96670
STARLINK-5031
1 53889U 22119D   25323.07677038 -.00000242  00000+0  29175-5 0  9998
2 53889  53.2164 100.8338 0001647  84.6071 275.5109 15.08843468174988
STARLINK-6106
1 57154U 23090BF  25323.19616894  .00000000  00000+0  15064-4 0  9994
2 57154  43.0014 141.8952 0001150 273.4174  86.6537 15.02537338133943
STARLINK-35733
1 66224U 25244U   25323.25002315  .00086723  00000+0  15582-2 0  9998
2 66224  53.1606  26.7483 0001519 108.0809 349.4105 15.49160462  4430
STARLINK-34974
1 65221U 25176Z   25323.24994654  .00026980  00000+0  91957-3 0  9993
2 65221  53.1583 305.5665 0001138  84.8367 275.2763 15.30206613 16211
STARLINK-34008
1 64037U 25102R   25323.28270683  .00009472  00000+0  80039-3 0  9995
2 64037  70.0030  32.8524 0003341 270.2929  89.7847 14.98338886 29426
STARLINK-35147
1 65637U 25210R   25322.74995800  .00061084  00000+0  15230-2 0  9994
2 65637  53.1569 102.5324 0000376  98.2822 261.8226 15.39657486 10745
STARLINK-1142
1 45093U 20006BB  25323.33336806  .00281585  00000+0  22247-2 0  9993
2 45093  53.0317 307.3472 0008532  69.6476 147.1079 15.69958739  5910
STARLINK-3861
1 52503U 22049BE  25322.88767870 -.00001232  00000+0 -59372-4 0  9996
2 52503  53.2140 176.4141 0001462 102.6621 257.4534 15.08830995195808
STARLINK-4525
1 53401U 22097P   25323.12827138 -.00001499  00000+0 -76079-4 0  9997
2 53401  53.2183 260.4503 0001385 100.8609 259.2539 15.08843933181827
STARLINK-3624
1 51773U 22017F   25322.85366218  .00006435  00000+0  42175-3 0  9997
2 51773  53.2196 116.6582 0001159  45.1031 315.0056 15.08865134205873
STARLINK-31683
1 59573U 24076K   25322.92207534  .00012396  00000+0  45944-3 0  9993
2 59573  43.0028 274.4362 0002614 283.5204  76.5356 15.27563454 89565
STARLINK-5590
1 55371U 23013AS  25322.95133002 -.00007930  00000+0 -57202-3 0  9996
2 55371  43.0040 194.8515 0001503 266.2404  93.8267 15.02572108155827
STARLINK-34459
1 64449U 25130M   25323.05860450  .00009166  00000+0  32125-3 0  9998
2 64449  53.1604 242.5031 0001577  67.1961 292.9206 15.30197853 23765
STARLINK-32808
1 62863U 25022K   25323.21576503  .00028352  00000+0  96540-3 0  9996
2 62863  53.1616 282.9265 0001905  52.6614 307.4560 15.30210657 44982
STARLINK-32015
1 60111U 24117W   25322.93197703 -.00000112  00000+0  83612-5 0  9996
2 60111  53.1591 191.2470 0001387  93.5158 266.6001 15.30193196 79936
STARLINK-31601
1 59209U 24046J   25323.24104683  .00000275  00000+0  21419-4 0  9998
2 59209  53.1620 308.0554 0001420  79.2525 280.8635 15.30192652 96142
STARLINK-33907
1 63769U 25089U   25323.23164499  .00032316  00000+0  11785-2 0  9996
2 63769  43.0023 309.1099 0001809 281.3188  78.7460 15.27585367 32012
STARLINK-3960
1 52659U 22053D   25323.20277588  .00001054  00000+0  84290-4 0  9999
2 52659  53.2183 290.0676 0001269  93.7338 266.3800 15.08844575194547
STARLINK-34965
1 65186U 25175N   25323.18739690  .00009536  00000+0  66418-3 0  9994
2 65186  97.6035 193.7476 0002731  88.0132 272.1408 15.05649531 16011
STARLINK-4029
1 52685U 22053AF  25323.17427071  .00000362  00000+0  40816-4 0  9995
2 52685  53.2173 280.2455 0001185  93.2946 266.8182 15.08839752194435
STARLINK-32106
1 59690U 24086J   25321.70242756 -.00000858  00000+0 -21671-4 0  9998
2 59690  42.9999 324.6896 0001163 279.0889  80.9831 15.27581993 87076
STARLINK-31266
1 59087U 24041P   25322.99210689 -.00000071  00000+0  69561-5 0  9998
2 59087  43.0060 215.7041 0002057 275.0820  84.9797 15.27577475 97394
STARLINK-30294
1 57651U 23122V   25322.99065610 -.00001162  00000+0 -70954-4 0  9994
2 57651  43.0079 323.0952 0001129 266.7742  93.2971 15.02530999125686
STARLINK-32282
1 61006U 24158S   25322.98748554  .00001091  00000+0  48953-4 0  9990
2 61006  53.1611 219.6343 0001451  74.3406 285.7755 15.30193362 68708
STARLINK-4706
1 53779U 22111G   25322.66552558 -.00001497  00000+0 -75997-4 0  9997
2 53779  53.2175  52.6411 0001356  96.9611 263.1535 15.08839112176931
STARLINK-5000
1 53935U 22119BB  25322.71379478 -.00000979  00000+0 -43420-4 0  9993
2 53935  53.2180  67.1869 0001406 100.0144 260.1007 15.08832539175423
STARLINK-1726
1 46362U 20062AP  25323.33336806  .00166311  00000+0  32660-2 0  9994
2 46362  53.0521  81.8502 0006933 176.3727 272.2329 15.46211959  5901
STARLINK-5369
1 54837U 22177T   25322.84553052 -.00000221  00000+0 -13146-5 0  9998
2 54837  43.0043  15.4420 0000997 277.9017  82.1712 15.02532328160286
STARLINK-4490
1 53409U 22097X   25323.01973489  .00000491  00000+0  48917-4 0  9993
2 53409  53.2180 241.1322 0001564  90.7031 269.4140 15.08839899182088
STARLINK-31613
1 59431U 24065L   25322.74051016  .00001097  00000+0  49168-4 0  9995
2 59431  53.1610  76.9484 0001300  84.6901 275.4248 15.30203317 91940
STARLINK-5652
1 55334U 23013D   25322.92728628 -.00001522  00000+0 -97659-4 0  9998
2 55334  43.0041 182.4504 0000802 257.1801 102.8952 15.02538431155046
STARLINK-30176
1 57477U 23107W   25322.76792125  .00011084  00000+0  83480-3 0  9995
2 57477  43.0015 221.1879 0001036 276.7999  83.2725 15.02512759128436
STARLINK-11326 [DTC]
1 62010U 24213C   25323.02744127  .00153206  00000+0  12436-2 0  9997
2 62010  53.1573 226.8403 0000774  89.5656 270.5451 15.69761294 57531
STARLINK-1654
1 46326U 20062B   25323.21394503  .00096370  00000+0  24421-2 0  9992
2 46326  53.0506 146.8089 0002631 152.0625 208.0520 15.38942941287742
STARLINK-34721
1 65039U 25161AA  25322.71465518  .00046467  00000+0  15695-2 0  9993
2 65039  53.1566  89.3387 0001333  62.6603 297.4533 15.30236184 17242
STARLINK-33653
1 63380U 25063T   25322.94265916  .00024771  00000+0  84640-3 0  9997
2 63380  53.1613 206.8669 0001260 112.6574 247.4560 15.30171946 37750
STARLINK-31289
1 59173U 24044X   25322.84956756 -.00002368  00000+0 -76607-4 0  9993
2 59173  43.0040  13.0251 0001047 282.2386  77.8348 15.27553272 96644
STARLINK-33903
1 63828U 25092AA  25322.72217632  .00038953  00000+0  14170-2 0  9991
2 63828  43.0032  79.2175 0001945 266.1015  93.9614 15.27593735 31690
STARLINK-32566
1 61958U 24209V   25323.20467224  .00024810  00000+0  84716-3 0  9991
2 61958  53.1606 295.4186 0001265  92.5400 267.5746 15.30193036 58002
STARLINK-2464
1 48123U 21027AH  25323.18343855  .00003442  00000+0  24983-3 0  9993
2 48123  53.0548 287.6982 0001370  90.6777 269.4369 15.06399225256042
STARLINK-30246
1 57615U 23119P   25323.29974360  .00000054  00000+0  19104-4 0  9992
2 57615  43.0049 321.1440 0001356 264.0781  95.9907 15.02534562126487
STARLINK-32320
1 61638U 24191T   25323.00481951 -.00000527  00000+0 -96383-5 0  9993
2 61638  43.0025  63.4828 0001637 266.7923  93.2741 15.27575166 60561
STARLINK-35381
1 65826U 25221D   25323.10385000  .00025591  00000+0  87325-3 0  9990
2 65826  53.1628 241.8980 0001029 100.6134 259.4983 15.30197264  9156
STARLINK-6362
1 57350U 23099Y   25323.15580517 -.00016015  00000+0 -11714-2 0  9990
2 57350  43.0038 117.0517 0001371 278.9768  81.0919 15.02593502129632
STARLINK-31991
1 59963U 24107U   25323.02648322  .00000994  00000+0  45710-4 0  9990
2 59963  53.1595 219.5344 0001146  89.6217 270.4915 15.30186699 82854
STARLINK-32556
1 61858U 24202P   25323.22041716 -.00000503  00000+0 -87744-5 0  9990
2 61858  42.9988 141.7905 0000194 107.4707 252.6165 15.27575886 58449
STARLINK-30945
1 58874U 24019X   25322.94602703 -.00001381  00000+0 -40671-4 0  9999
2 58874  43.0006 154.4947 0001453 254.3506 105.7185 15.27574818102142
STARLINK-11351 [DTC]
1 61886U 24204N   25322.61966543  .00000494  00000+0  89303-5 0  9999
2 61886  53.1593 183.5142 0000730  70.2858 289.8238 15.69707742 59474
STARLINK-4135
1 53248U 22086G   25323.28514597  .00003346  00000+0  22832-3 0  9991
2 53248  53.2203 334.8547 0001594  99.2068 260.9105 15.08826973184641
STARLINK-3672
1 51974U 22025U   25322.95019599 -.00000488  00000+0 -13847-4 0  9996
2 51974  53.0533 168.0142 0001344  92.9579 267.1564 15.06397145204224
STARLINK-11312 [DTC]
1 61689U 24195C   25322.98952690 -.00004632  00000+0 -33410-4 0  9994
2 61689  53.1592 212.2123 0002008  62.9417 297.1806 15.69690341 61643
STARLINK-3806
1 52378U 22045AZ  25323.24924896  .00000416  00000+0  44193-4 0  9992
2 52378  53.2196 324.9086 0001205 105.6512 254.4613 15.08839997199253
STARLINK-1199
1 45201U 20012Z   25323.26684435  .00000082  00000+0  24398-4 0  9999
2 45201  53.0543 162.3279 0001475 103.3928 256.7226 15.06380575318470
STARLINK-6372
1 57348U 23099W   25323.14767574  .00001474  00000+0  12415-3 0  9997
2 57348  43.0036 129.1577 0001051 283.1931  76.8794 15.02550187129491
STARLINK-11513 [DTC]
1 62589U 25008C   25322.67394427  .00231522  00000+0  17522-2 0  9994
2 62589  43.0041  75.3887 0002388 269.3253  90.7341 15.70918042 48657
STARLINK-34033
1 64045U 25102Z   25323.27420192  .00001501  00000+0  13346-3 0  9997
2 64045  70.0037  32.8297 0001749 205.0765 155.0309 14.98347858 29343
STARLINK-30439
1 57867U 23144D   25322.85111913 -.00002637  00000+0 -18022-3 0  9995
2 57867  43.0009 170.0880 0000771 265.3212  94.7542 15.02538265120945
STARLINK-32682
1 62196U 24229E   25322.98584093  .00056919  00000+0  20599-2 0  9999
2 62196  42.9984 143.2346 0001532 264.8514  95.2162 15.27612953 54001
STARLINK-11646 [DTC]
1 63186U 25048D   25322.85443001  .00333719  00000+0  24690-2 0  9990
2 63186  43.0003 267.6189 0001675 237.0646 123.0061 15.71149178 41093
STARLINK-32210
1 60594U 24150M   25323.10184591  .00000114  00000+0  15962-4 0  9992
2 60594  53.1587 100.4242 0001243  95.4994 264.6149 15.30190870 71114
STARLINK-30327
1 57707U 23129K   25322.75399674  .00044133  00000+0  23530-2 0  9996
2 57707  43.0000 344.7245 0012716  70.2881 289.9336 15.14425587124040
STARLINK-5743
1 55597U 23020AE  25323.06024228  .00000645  00000+0  62849-4 0  9994
2 55597  43.0032 233.1614 0001116 266.7341  93.3374 15.02533905152429
STARLINK-3227
1 49765U 21115AT  25323.15176848 -.00000924  00000+0 -39945-4 0  9996
2 49765  53.2179 275.3535 0001616 100.5799 259.5376 15.08840292218990
STARLINK-1526
1 46029U 20055C   25323.10281404  .00007460  00000+0  51945-3 0  9991
2 46029  53.0545 263.0598 0001776  77.4935 282.6253 15.06382654292229
STARLINK-4403
1 53197U 22084J   25323.12515130  .00000067  00000+0  97896-5 0  9990
2 53197  97.6057  21.9567 0001730 206.1001 154.0136 15.01258652182727
STARLINK-32789
1 62529U 25004U   25323.16247430  .00034270  00000+0  12489-2 0  9998
2 62529  43.0001 124.1782 0001217 274.2876  85.7836 15.27585307 49559
STARLINK-4410
1 53204U 22084R   25323.11985950  .00015109  00000+0  11771-2 0  9997
2 53204  97.6039  21.9632 0002311 125.9129 234.2310 15.01299020183386
STARLINK-3855
1 52474U 22049Z   25322.90612376  .00000517  00000+0  50573-4 0  9993
2 52474  53.2155 186.4579 0001469  89.1744 270.9416 15.08845912195667
STARLINK-34156
1 64108U 25110N   25322.91940320  .00024682  00000+0  84215-3 0  9994
2 64108  53.1596 181.2409 0002016  61.4547 298.6657 15.30220066 28920
STARLINK-4678
1 53780U 22111H   25322.67289684 -.00001972  00000+0 -10585-3 0  9996
2 53780  53.2192  52.6846 0001663 103.8026 256.3151 15.08831105176935
STARLINK-1309
1 45414U 20019BG  25323.12769810  .00008742  00000+0  60529-3 0  9994
2 45414  53.0536 272.9506 0001208  90.7707 269.3421 15.06386439313182
STARLINK-3870
1 52451U 22049A   25322.95852941  .00002618  00000+0  18251-3 0  9997
2 52451  53.2166 206.2140 0001515  82.2645 277.8519 15.08843441195390
STARLINK-31062
1 58590U 23200B   25322.98984968  .00001375  00000+0  11685-3 0  9998
2 58590  43.0027  53.3502 0001250 271.2534  88.8165 15.02527815106925
STARLINK-31558
1 59196U 24045U   25321.47562969  .00022001  00000+0  80615-3 0  9993
2 59196  42.9996   5.9313 0001072 297.4062  62.6680 15.27600056 96018
STARLINK-32765
1 62747U 25014N   25322.97190644 -.00005405  00000+0 -18729-3 0  9997
2 62747  43.0006  59.7421 0001386 254.5334 105.5365 15.27536094 46325
STARLINK-35098
1 65476U 25195U   25322.95596584  .00039437  00000+0  99001-3 0  9992
2 65476  53.1594  52.2618 0001074  90.4361 269.6767 15.39644351 13026
STARLINK-5957
1 55995U 23042K   25323.33336806  .00353981  00000+0  63002-2 0  9992
2 55995  42.9993 291.1165 0001518 279.5271 106.3880 15.48082394  5751
STARLINK-11143 [DTC]
1 59953U 24107J   25322.75558851 -.00014016  00000+0 -11069-3 0  9996
2 59953  53.1592  78.0463 0000406 112.2548 247.8513 15.69783286 84725
STARLINK-31049
1 58543U 23192N   25322.98584349 -.00002302  00000+0 -65628-4 0  9995
2 58543  53.1608 217.1236 0000713  93.7447 266.3636 15.30194545109039
STARLINK-33628
1 63067U 25035R   25322.96641646  .00011898  00000+0  44131-3 0  9995
2 63067  43.0068  52.5930 0002125 266.7026  93.3583 15.27570694 42797
STARLINK-34975
1 65224U 25176AC  25323.22050728  .00015039  00000+0  51933-3 0  9992
2 65224  53.1604 306.0899 0001419 109.9866 250.1288 15.30169435 16201
STARLINK-32581
1 62184U 24225X   25323.04516605  .00004439  00000+0  37960-3 0  9995
2 62184  70.0007  73.3364 0003128 269.4697  90.6104 14.98327214 53559
STARLINK-31718
1 59556U 24074Y   25323.06760039  .00007010  00000+0  26400-3 0  9995
2 59556  43.0021 248.4722 0001808 283.4806  76.5845 15.27582673 89096
STARLINK-1735
1 46565U 20070AK  25323.21615045  .00110134  00000+0  29835-2 0  9992
2 46565  53.0538 288.1235 0004277  79.2934 280.8550 15.36810018283199
STARLINK-3273
1 50191U 21125AM  25322.62825161 -.00001377  00000+0 -68450-4 0  9998
2 50191  53.2182  37.6939 0001341  95.0729 265.0417 15.08832274219688
STARLINK-5519
1 57223U 23094F   25322.91759030  .00001965  00000+0  16047-3 0  9996
2 57223  43.0027 272.5186 0001422 260.8492  99.2189 15.02536509130455
STARLINK-6335
1 56527U 23065AA  25322.76293064 -.00010161  00000+0 -73746-3 0  9992
2 56527  43.0046  92.6355 0001705 286.7570  73.3085 15.02573862139943
STARLINK-32529
1 62139U 24224A   25322.63814669  .00047982  00000+0  17411-2 0  9997
2 62139  42.9999  65.5030 0002635 252.3453 107.7111 15.27591466 55435
STARLINK-35280
1 66025U 25232W   25323.14111653  .00038640  00000+0  97114-3 0  9995
2 66025  53.1606 258.5634 0001196 102.5255 257.5884 15.39618684  6491
STARLINK-11629 [DTC]
1 63104U 25039A   25322.96327483  .00082439  00000+0  63838-3 0  9995
2 63104  42.9995 184.0390 0002022 259.9547 100.1093 15.70884744 42206
STARLINK-32079
1 60336U 24136H   25323.04961421  .00001127  00000+0  50170-4 0  9993
2 60336  53.1615 229.6780 0001324  87.4750 272.6402 15.30194920 72721
STARLINK-2285
1 48019U 21024AU  25323.05075267  .00001463  00000+0  11711-3 0  9995
2 48019  53.0555  88.2943 0001221  81.3629 278.7499 15.06395737258171
STARLINK-30838
1 58211U 23170F   25323.03438524 -.00002448  00000+0 -16621-3 0  9992
2 58211  43.0043  77.2271 0001506 262.1683  97.8989 15.02529519113632
STARLINK-34839
1 65703U 25212AD  25323.22681874  .00029472  00000+0  10032-2 0  9997
2 65703  53.1578 138.5847 0001839  84.6152 275.5058 15.30202496 10336
STARLINK-32664
1 62204U 24229N   25323.27792185  .00026723  00000+0  97664-3 0  9993
2 62204  42.9982 174.4013 0001111 266.1304  93.9421 15.27594947 53678
STARLINK-4198
1 52858U 22062AE  25323.26995878 -.00000955  00000+0 -41925-4 0  9994
2 52858  53.2157 159.8430 0001383  90.1945 269.9206 15.08835627189250
STARLINK-6040
1 56809U 23078AU  25323.26640761 -.00002580  00000+0 -20844-3 0  9992
2 56809  70.0023 262.7177 0001801 271.0709  89.0243 14.98341923136145
STARLINK-31780
1 59432U 24065M   25322.68257859  .00004915  00000+0  17789-3 0  9997
2 59432  53.1625  77.2946 0001688  91.7556 268.3638 15.30214895 91934
STARLINK-31132
1 58777U 24011N   25322.74944001  .00001340  00000+0  57349-4 0  9994
2 58777  53.1601  78.8433 0001120  82.5664 277.5464 15.30198297104577
STARLINK-33806
1 63723U 25087AC  25322.87202646  .00023867  00000+0  81497-3 0  9999
2 63723  53.1628  14.2393 0001532  89.8395 270.2781 15.30215906 32232
STARLINK-6079
1 56120U 23046AD  25322.91843601  .00000314  00000+0  38336-4 0  9999
2 56120  43.0048  28.3439 0001176 267.3243  92.7465 15.02530460145544
STARLINK-1882
1 46784U 20074AX  25322.75815271  .00032489  00000+0  10784-2 0  9999
2 46784  53.0576  83.8507 0002288 277.7759  82.2981 15.30962683280173
STARLINK-31272
1 59162U 24044L   25322.82772611 -.00000720  00000+0 -16669-4 0  9997
2 59162  43.0010  12.8682 0000417 249.4148 110.6659 15.27565906 96610
STARLINK-6071
1 56132U 23046AS  25322.89179759 -.00000297  00000+0 -69080-5 0  9998
2 56132  43.0052  28.1380 0001148 266.6839  93.3872 15.02534917145547
STARLINK-34139
1 63975U 25099Z   25323.04788266  .00029655  00000+0  10827-2 0  9997
2 63975  43.0040  77.7138 0001785 267.1237  92.9410 15.27585278 30362
STARLINK-4065
1 52841U 22062M   25321.98103524  .00000558  00000+0  53150-4 0  9992
2 52841  53.2153 175.6005 0001756  89.8620 270.2573 15.08831371188928
STARLINK-5446
1 54789U 22175AH  25323.21564009 -.00000648  00000+0 -22602-4 0  9997
2 54789  53.2158 149.8239 0001244  98.8492 261.2641 15.08842991163667
STARLINK-34019
1 64032U 25102L   25323.25749655  .00008855  00000+0  74892-3 0  9991
2 64032  70.0039  32.7720 0002797 267.3237  92.7602 14.98334954 29425
STARLINK-11250 [DTC]
1 60910U 24154H   25323.22580043 -.00000058  00000+0  43810-5 0  9995
2 60910  53.1580 315.8937 0001258 110.4741 249.6413 15.69703619 71161
STARLINK-30558
1 58060U 23158K   25322.91871595 -.00000055  00000+0  11028-4 0  9993
2 58060  43.0060 272.6345 0001442 269.2825  90.7852 15.02531146116869
STARLINK-34723
1 64842U 25152A   25323.10588878 -.00008197  00000+0 -56451-3 0  9999
2 64842  97.6026 176.4378 0002285  88.2953 271.8535 15.05650007 18777
STARLINK-6225
1 57092U 23088AW  25322.75547421  .00000188  00000+0  28981-4 0  9991
2 57092  43.0056 337.1359 0001463 268.8545  91.2130 15.02531804133839
STARLINK-30271
1 57669U 23124G   25323.26551771 -.00003231  00000+0 -96955-4 0  9992
2 57669  53.1613 359.9622 0001132 125.6371 234.4735 15.30214919126655
STARLINK-35051
1 65380U 25191B   25323.18327366  .00006152  00000+0  43018-3 0  9993
2 65380  97.6034 192.6350 0002091  84.7133 275.4332 15.05654112 13658
STARLINK-30787
1 58128U 23162L   25322.87983898 -.00001005  00000+0 -59330-4 0  9993
2 58128  43.0052  15.0030 0001553 270.9926  89.0739 15.02533517115632
STARLINK-5009
1 53928U 22119AU  25323.04914479  .00001042  00000+0  83555-4 0  9991
2 53928  53.2182  80.7033 0001569  94.6741 265.4431 15.08846552175263
STARLINK-4598
1 53630U 22104AU  25323.26355690  .00002073  00000+0  14830-3 0  9997
2 53630  53.2183 359.9159 0001549  84.1530 275.9639 15.08837827179391
STARLINK-3802
1 52286U 22041AB  25323.01464842 -.00000509  00000+0 -13894-4 0  9990
2 52286  53.2172 235.9613 0001420  88.2721 271.8433 15.08846719197799
STARLINK-31354
1 58942U 24027M   25323.09724686  .00001166  00000+0  51503-4 0  9991
2 58942  53.1554 103.4898 0000925  86.0595 274.0511 15.30191783100396
STARLINK-35184
1 65506U 25198Q   25322.73325643  .00031130  00000+0  78433-3 0  9999
2 65506  53.1586  71.9594 0001089  82.3603 277.7526 15.39648472 11554
STARLINK-1464
1 45751U 20038X   25323.23089451 -.00000421  00000+0 -93499-5 0  9999
2 45751  53.0562 352.4866 0001720  99.0773 261.0410 15.06400101299837
STARLINK-31846
1 60126U 24118P   25322.63390986  .00001868  00000+0  75176-4 0  9991
2 60126  53.1564 182.5346 0001155  90.1130 270.0003 15.30197082 78694
STARLINK-6042
1 56808U 23078AT  25323.04656379 -.00002062  00000+0 -16509-3 0  9997
2 56808  69.9986 193.5063 0002666 282.1124  77.9736 14.98330662137847
STARLINK-31838
1 60130U 24118T   25322.90786111  .00021231  00000+0  72712-3 0  9993
2 60130  53.1580 181.3986 0001333 113.4313 246.6828 15.30190001 78737
STARLINK-4079
1 52666U 22053L   25323.21010393  .00009277  00000+0  59973-3 0  9991
2 52666  53.2169 289.6954 0001743  75.5190 284.5995 15.08868286194376
STARLINK-1184
1 45098U 20006BG  25322.91482881  .00001702  00000+0  13310-3 0  9999
2 45098  53.0565  23.9060 0001258  73.7981 286.3146 15.06404558320321
STARLINK-3148
1 49736U 21115N   25323.10940134  .00000802  00000+0  68505-4 0  9993
2 49736  53.2192 285.4179 0003286 105.0270 255.1086 15.08842609218846
STARLINK-5690
1 55480U 23015AH  25323.00507972 -.00005428  00000+0 -38685-3 0  9991
2 55480  43.0037 220.3676 0001144 264.2057  95.8655 15.02557406153959
STARLINK-6375
1 57342U 23099Q   25322.76102375  .00001498  00000+0  12593-3 0  9993
2 57342  43.0027 131.4159 0001007 241.9101 118.1640 15.02541498129438
STARLINK-5290
1 54157U 22141A   25323.23870165  .00001398  00000+0  10591-3 0  9998
2 54157  53.2165 149.9013 0001899  86.7731 273.3479 15.08837562169042
STARLINK-30880
1 58232U 23171C   25323.26847020  .00000220  00000+0  31385-4 0  9995
2 58232  43.0017 166.1378 0000894 256.4719 103.6024 15.02536828113117
STARLINK-11072 [DTC]
1 58705U 24002A   25322.75381876  .00000320  00000+0  74906-5 0  9997
2 58705  53.1581 100.8946 0000496  65.9656 294.1414 15.69701795109010
STARLINK-30330
1 57636U 23122E   25323.30288307  .00000478  00000+0  50494-4 0  9997
2 57636  43.0054 334.7170 0001504 276.7767  83.2904 15.02535508125572
STARLINK-30145
1 57496U 23113B   25323.10507820  .00000886  00000+0  80680-4 0  9996
2 57496  43.0064 258.3776 0001419 269.0453  91.0227 15.02525335126913
STARLINK-35347
1 65907U 25224AB  25323.33336806  .00027518  00000+0  93840-3 0  9998
2 65907  53.1603 163.7600 0001302  87.1231 163.1046 15.30178023  6049
STARLINK-34281
1 64260U 25120E   25323.15510597  .00005387  00000+0  19384-3 0  9996
2 64260  53.1586 270.0568 0001155  90.3068 269.8065 15.30204250 26943
STARLINK-11309 [DTC]
1 61202U 24171C   25323.26127902  .00003339  00000+0  32380-4 0  9997
2 61202  53.1581   0.7171 0001286  69.3474 290.7682 15.69730998 67051
STARLINK-30279
1 57885U 23144X   25323.26984715 -.00000731  00000+0 -39021-4 0  9995
2 57885  43.0017 167.2062 0001002 289.4906  70.5828 15.02538086120949
STARLINK-35326
1 66031U 25232AC  25323.33336806 -.02037089  00000+0 -57972-1 0  9998
2 66031  53.1582 256.7802 0000751  95.1203 328.9081 15.39281748  5773
STARLINK-2682
1 48440U 21040N   25323.28019999 -.00000746  00000+0 -31219-4 0  9997
2 48440  53.0553 317.2618 0001485  91.7783 268.3377 15.06392025249985
STARLINK-33878
1 63862U 25093AC  25322.75060671  .00042749  00000+0  15505-2 0  9993
2 63862  43.0020 344.5406 0000854  51.3780 308.7148 15.27654150 30991
STARLINK-30455
1 57942U 23148H   25322.88935318 -.00006724  00000+0 -21527-3 0  9994
2 57942  53.1580 179.1440 0000313  25.7032 334.3985 15.30177858121456
STARLINK-1802
1 46702U 20073AJ  25323.23965588 -.00000389  00000+0 -71913-5 0  9999
2 46702  53.0553 357.4470 0001695  93.5369 266.5814 15.06392791280766
STARLINK-34858
1 65023U 25161J   25323.21301203  .00032207  00000+0  10948-2 0  9995
2 65023  53.1571  87.4823 0002293  82.7733 277.3528 15.30201304 18404
STARLINK-4270
1 52863U 22062AK  25322.58178975 -.00002671  00000+0 -14973-3 0  9994
2 52863  53.2170 162.8997 0001164  90.4107 269.7019 15.08848347189155
STARLINK-34158
1 63996U 25101C   25322.83750306  .00041107  00000+0  14943-2 0  9993
2 63996  42.9980 263.8874 0000609 201.6113 158.4713 15.27595021 30104
STARLINK-32456
1 62041U 24216K   25322.60412083  .00034305  00000+0  12500-2 0  9990
2 62041  42.9965 163.9251 0001417 273.8179  86.2510 15.27588437 56886
STARLINK-35574
1 66111U 25236AB  25323.14842963  .00071002  00000+0  12734-2 0  9993
2 66111  53.1603 258.5028 0001710  64.1970 295.9215 15.49301239  5949
STARLINK-3195
1 49762U 21115AQ  25323.15448996  .00002927  00000+0  20193-3 0  9996
2 49762  53.2173 275.3310 0001236  88.3455 271.7679 15.08842109218993
STARLINK-5414
1 54809U 22175BD  25323.25287729 -.00000946  00000+0 -41367-4 0  9995
2 54809  53.2145 164.4445 0001720  93.4847 266.6342 15.08839263163465
STARLINK-5114
1 54003U 22125AR  25323.25612360  .00000480  00000+0  48230-4 0  9996
2 54003  53.2183 349.6742 0001518  84.4035 275.7130 15.08839778172797
STARLINK-34048
1 63816U 25092N   25322.68120313  .00047483  00000+0  17224-2 0  9993
2 63816  42.9985  79.7806 0001416 290.9493  69.1207 15.27609717 31686
STARLINK-30526
1 58006U 23153R   25322.91843122 -.00000283  00000+0 -58632-5 0  9990
2 58006  43.0033 285.4454 0000940 276.4855  83.5880 15.02532453118503
STARLINK-35480
1 66242U 25245J   25323.25002315 -.02030989  00000+0 -31696-1 0  9999
2 66242  53.1599  80.5963 0000791  83.2892 336.9877 15.56338111  4331
STARLINK-5183
1 54084U 22136AK  25322.81459524 -.00001482  00000+0 -75073-4 0  9999
2 54084  53.2169 112.0021 0001308 102.0931 258.0208 15.08820154170247
STARLINK-33887
1 63680U 25085S   25322.98083743  .00040519  00000+0  14738-2 0  9992
2 63680  43.0000 295.6945 0000598 254.3629 105.7157 15.27582491 32000
STARLINK-5796
1 55916U 23037C   25323.13245047 -.00002124  00000+0 -17020-3 0  9995
2 55916  69.9993 223.3345 0002513 274.7281  85.3591 14.98339893146927
STARLINK-2110
1 47389U 21005AS  25322.91987377 -.00002035  00000+0 -11778-3 0  9992
2 47389  53.0529 178.8708 0001772  95.8369 264.2822 15.06397568266621
STARLINK-34676
1 64853U 25152M   25323.16404909  .00004430  00000+0  31096-3 0  9991
2 64853  97.6013 176.5148 0001536  74.3228 285.8168 15.05657943 18784
STARLINK-4620
1 53674U 22105AC  25323.22791297 -.00000320  00000+0 -20391-4 0  9994
2 53674  97.6033 202.0647 0001982  84.6737 275.4713 15.01263070176661
STARLINK-30248
1 57610U 23119J   25322.98733676  .00006103  00000+0  46634-3 0  9993
2 57610  43.0038 323.1162 0000955 266.9884  93.0849 15.02545298126439
STARLINK-1283
1 45389U 20019AF  25323.33336806  .00140748  00000+0  42755-2 0  9996
2 45389  53.0535 275.1583 0008556  67.3196 341.2667 15.33037267  5820
STARLINK-35518
1 66197U 25243X   25323.33336806 -.02016905  00000+0 -36005-1 0  9991
2 66197  53.1601  38.7701 0000768  84.7918 315.9101 15.52676927  4825
STARLINK-32574
1 61954U 24209R   25323.25111509  .00027313  00000+0  93232-3 0  9998
2 61954  53.1616 295.7097 0001523  66.9866 293.1295 15.30150878 58002
STARLINK-30960
1 58456U 23183V   25323.01772396  .00014342  00000+0  53690-3 0  9994
2 58456  43.0022 226.2350 0001849 267.4609  92.6031 15.27131968110755
STARLINK-3593
1 51896U 22022AW  25322.86931201 -.00008723  00000+0 -53014-3 0  9998
2 51896  53.2193 136.8333 0001529  85.6718 274.4448 15.08875292206562
STARLINK-1107
1 44972U 20001BL  25323.33336806  .00239824  00000+0  12860-2 0  9992
2 44972  53.0054 347.4245 0008170  30.6423 196.1912 15.79040689  5977
STARLINK-33750
1 63513U 25071W   25323.21994399  .00034705  00000+0  11785-2 0  9996
2 63513  53.1601 293.2082 0001463  97.9221 262.1946 15.30198115 35839
STARLINK-5397
1 54871U 22177BD  25322.51007972 -.00000374  00000+0 -12605-4 0  9992
2 54871  43.0042   4.2123 0001215 259.4689 100.6016 15.02529566160387
STARLINK-30295
1 57683U 23124W   25322.85045758  .00001133  00000+0  50375-4 0  9998
2 57683  53.1611   1.9090 0001326 100.8798 259.2352 15.30193463126598
STARLINK-31668
1 59580U 24076S   25323.15790515  .00023874  00000+0  87375-3 0  9990
2 59580  43.0046 272.7627 0002718 266.5887  93.4653 15.27597644 89602
STARLINK-30133
1 56837U 23079Q   25322.51475915 -.00000709  00000+0 -37390-4 0  9994
2 56837  43.0050 351.2101 0001291 264.0708  95.9987 15.02533443136160
STARLINK-34951
1 65293U 25184W   25323.12784805  .00003646  00000+0  25665-3 0  9990
2 65293  97.6049  13.6626 0000555  97.0710 263.0579 15.05669303 14662
STARLINK-35384
1 65884U 25224C   25323.33336806  .00030524  00000+0  10390-2 0  9991
2 65884  53.1591 164.0274 0000741  45.4195  76.8154 15.30184837  5973
STARLINK-6147
1 57120U 23090V   25323.26461524 -.00001417  00000+0 -89807-4 0  9994
2 57120  43.0025 154.5785 0001144 266.8913  93.1799 15.02538139133801
STARLINK-35262
1 65847U 25221AA  25323.02492909 -.00002960  00000+0 -87833-4 0  9993
2 65847  53.1620 242.8230 0001525  63.5137 296.6020 15.30198921  9135
STARLINK-32137
1 60155U 24120W   25322.83383112  .00010282  00000+0  35902-3 0  9993
2 60155  53.1578 114.8357 0001376  84.6570 275.4588 15.30180249 79406
STARLINK-33593
1 62780U 25015Y   25322.84701676  .00045612  00000+0  15404-2 0  9992
2 62780  53.1611 117.0929 0001032 334.5508  25.5442 15.30248129 47519
STARLINK-35317
1 66184U 25243H   25323.33336806 -.02019463  00000+0 -36053-1 0  9992
2 66184  53.1597  38.7783 0000865  88.7887 308.0786 15.52678592  4824
STARLINK-5936
1 56011U 23042AB  25323.18987398  .00000050  00000+0  18790-4 0  9995
2 56011  43.0072 283.9320 0001470 269.1789  90.8885 15.02538644146436
STARLINK-32717
1 62491U 25003E   25322.92817465  .00019410  00000+0  71277-3 0  9999
2 62491  42.9944 194.3518 0000507 155.7782 204.3094 15.27590317 49739
STARLINK-11079 [DTC]
1 58708U 24002D   25322.81257009  .00001461  00000+0  16916-4 0  9990
2 58708  53.1603 100.5440 0001081  61.8597 298.2530 15.69711034109026
STARLINK-3791
1 52269U 22041J   25323.07260943  .00000804  00000+0  68575-4 0  9995
2 52269  53.2160 245.7010 0001244  88.0979 272.0156 15.08839786197661
STARLINK-5568
1 55372U 23013AT  25322.69208481 -.00000950  00000+0 -55289-4 0  9991
2 55372  43.0021 196.3534 0001107 300.5496  59.5237 15.02541589154866
STARLINK-5084
1 54851U 22177AH  25321.82097409 -.00000861  00000+0 -48695-4 0  9996
2 54851  43.0046   8.5069 0000934 279.6237  80.4500 15.02543437160279
STARLINK-4011
1 52615U 22052T   25322.98843000 -.00000722  00000+0 -27286-4 0  9997
2 52615  53.2180  61.0782 0001148  93.0108 267.1015 15.08838819194062
STARLINK-34586
1 64950U 25158U   25323.16741549  .00004996  00000+0  35020-3 0  9997
2 64950  97.6026 185.1175 0001990  81.2368 278.9084 15.05650619 18725
STARLINK-34469
1 64615U 25137X   25322.89229208  .00037229  00000+0  93502-3 0  9998
2 64615  53.1556 133.2640 0001824  90.9793 269.1421 15.39656578 23724
STARLINK-3918
1 52486U 22049AM  25322.93000728  .00000885  00000+0  73665-4 0  9996
2 52486  53.2167 196.3418 0001317  85.6664 274.4478 15.08838255195534
STARLINK-5162
1 54184U 22141AD  25323.21023001 -.00000495  00000+0 -12987-4 0  9996
2 54184  53.2154 140.4416 0001472  93.4158 266.7003 15.08845012169170
STARLINK-33701
1 63464U 25070E   25323.26265754  .00034764  00000+0  12671-2 0  9991
2 63464  43.0004 163.8159 0001407 274.3944  85.6747 15.27574281 36080
STARLINK-32788
1 62502U 25003R   25322.93203173  .00031662  00000+0  11551-2 0  9999
2 62502  42.9993 194.3775 0001245 268.7043  91.3666 15.27582531 49611
STARLINK-3838
1 52352U 22045X   25323.26304664  .00000263  00000+0  34602-4 0  9995
2 52352  53.2189 334.8418 0001321 102.1430 257.9710 15.08840905199118
STARLINK-30995
1 58474U 23186B   25323.25019672  .00013859  00000+0  47473-3 0  9998
2 58474  42.9999 151.9584 0004148 278.1025  81.9357 15.30062641111191
STARLINK-35275
1 65756U 25216Y   25323.33336806  .00065978  00000+0  22230-2 0  9997
2 65756  53.1606 125.5969 0001102  78.2590   0.9555 15.30157681  5886
STARLINK-34773
1 65024U 25161K   25323.05705850  .00025220  00000+0  86070-3 0  9991
2 65024  53.1590  87.9286 0001652  78.1814 281.9372 15.30201623 18380
STARLINK-5288
1 55307U 23010AQ  25323.23746639 -.00000299  00000+0 -17284-4 0  9998
2 55307  69.9988 283.1018 0002853 269.0378  91.0455 14.98337761157227
STARLINK-35182
1 65504U 25198N   25323.00210856  .00057121  00000+0  14268-2 0  9990
2 65504  53.1589  70.0774 0001123  92.4581 267.6552 15.39631655 11609
STARLINK-4150
1 53134U 22083C   25323.25247043  .00001758  00000+0  12854-3 0  9996
2 53134  53.2180 309.8925 0001584  89.9014 270.2160 15.08840406184548
STARLINK-4176
1 53289U 22086AZ  25323.20602622 -.00000955  00000+0 -41913-4 0  9992
2 53289  53.2179 315.2400 0001326  98.6345 261.4798 15.08840318184578
STARLINK-5039
1 57247U 23094AF  25323.11949743  .00000981  00000+0  87691-4 0  9998
2 57247  42.9982 258.4459 0000127 160.8848 199.1999 15.02530615130631
STARLINK-2022
1 47643U 21012Z   25323.25309896  .00032541  00000+0  68452-3 0  9999
2 47643  53.0278 160.0903 0010238 132.8036 227.3832 15.44984574264007
STARLINK-31523
1 59220U 24046V   25323.20527865  .00000689  00000+0  35395-4 0  9995
2 59220  53.1622 308.5409 0001446  93.7468 266.3699 15.30194356 96126
STARLINK-5906
1 55962U 23037BA  25323.02766127  .00004327  00000+0  36993-3 0  9996
2 55962  69.9988 183.6053 0002765 265.9567  94.1276 14.98361818147891
STARLINK-34872
1 65296U 25184Z   25323.14726033  .00025299  00000+0  17510-2 0  9991
2 65296  97.6042  13.6359 0002143  98.9037 261.2432 15.05654606 14666
STARLINK-4722
1 53775U 22111C   25322.67658094 -.00002359  00000+0 -13018-3 0  9999
2 53775  53.2179  52.7107 0001223  89.0590 271.0543 15.08836751176939
STARLINK-33778
1 63877U 25094P   25322.94612742  .00004321  00000+0  36948-3 0  9992
2 63877  70.0000 153.7255 0002995 270.7613  89.3203 14.98351886 30617
STARLINK-2255
1 48597U 21041AW  25323.19541615 -.00001151  00000+0 -58426-4 0  9996
2 48597  53.0541 277.6457 0001674  87.8095 272.3086 15.06386912249673
STARLINK-30128
1 56832U 23079K   25323.29752707  .00007361  00000+0  55892-3 0  9997
2 56832  43.0016 321.2108 0000239 167.2913 192.7936 15.02566615130176
STARLINK-4727
1 53803U 22111AG  25322.91989286 -.00000442  00000+0 -96469-5 0  9992
2 53803  53.2196  26.4293 0001765  89.0500 271.0695 15.08843342177300
STARLINK-32004
1 60151U 24120S   25323.15089875  .00000117  00000+0  16075-4 0  9991
2 60151  53.1592 113.2590 0001402  87.1858 272.9303 15.30189983 79532
STARLINK-35134
1 65641U 25210V   25322.79597361  .00047110  00000+0  11788-2 0  9992
2 65641  53.1564 102.1046 0002372  78.2257 281.9014 15.39660487 10754
STARLINK-32039
1 60604U 24150X   25323.11832454 -.00001168  00000+0 -27287-4 0  9998
2 60604  53.1567 103.3715 0002080  88.4604 271.6635 15.30193800 71070
STARLINK-4644
1 53719U 22107V   25322.83198952  .00001980  00000+0  14249-3 0  9996
2 53719  53.2160   1.4039 0001092  87.7547 272.3570 15.08828703178106
STARLINK-33962
1 63950U 25098AA  25323.05906588  .00006349  00000+0  53921-3 0  9997
2 63950  70.0028 193.2856 0002657 269.3058  90.7796 14.98343405 29986
STARLINK-35318
1 66146U 25240A   25323.33336806  .00003210  00000+0  90225-4 0  9990
2 66146  53.1597 217.0116 0001366  71.9789 148.4623 15.39609623  5186
STARLINK-3680
1 51969U 22025P   25321.84045330  .00000685  00000+0  64871-4 0  9999
2 51969  53.0536 169.3386 0001397  97.4108 262.7040 15.06410558204102
STARLINK-30842
1 58357U 23177G   25322.99150329 -.00002656  00000+0 -18154-3 0  9992
2 58357  43.0030 219.3055 0001136 268.4181  91.6531 15.02548095111722
STARLINK-32714
1 62499U 25003N   25322.70387689  .00022504  00000+0  82376-3 0  9993
2 62499  43.0060 196.1170 0004687 290.0282  70.0065 15.27614689 49693
STARLINK-33564
1 62286U 24237V   25322.81551212  .00044473  00000+0  16148-2 0  9994
2 62286  42.9992 122.6509 0001332 284.9818  75.0886 15.27603594 54235
STARLINK-3360
1 51149U 22005AX  25323.03675706  .00001088  00000+0  86461-4 0  9993
2 51149  53.2192  85.6782 0001601  91.1153 269.0023 15.08826306211890
STARLINK-1612
1 46164U 20057AZ  25322.60215243  .00094168  00000+0  21300-2 0  9997
2 46164  53.0467  32.8381 0006376 227.8507 132.1956 15.42377468291462
STARLINK-32123
1 60284U 24132G   25322.94950980  .00000318  00000+0  22887-4 0  9992
2 60284  53.1599 194.1776 0001480  80.3886 279.7282 15.30178096 74788
STARLINK-5776
1 57151U 23090BC  25323.20172169 -.00000802  00000+0 -44305-4 0  9997
2 57151  43.0024 141.9393 0001375 271.0978  88.9707 15.02543965133943
STARLINK-5576
1 55382U 23013BD  25322.94133706  .00002211  00000+0  17869-3 0  9998
2 55382  43.0057 194.7847 0001712 267.3742  92.6904 15.02539580154903
STARLINK-35342
1 66181U 25243E   25323.33336806 -.02017274  00000+0 -36010-1 0  9990
2 66181  53.1594  38.7299 0000758  84.0758 335.7928 15.52678620  4824
STARLINK-4546
1 53422U 22097AL  25323.11079015 -.00000018  00000+0  16944-4 0  9992
2 53422  53.2178 250.5274 0001372  89.6822 270.4328 15.08845690181953
STARLINK-32169
1 60589U 24150G   25323.09456520 -.00004000  00000+0 -12307-3 0  9997
2 60589  53.1589 101.0949 0000573  95.3783 264.7283 15.30185685 71108
STARLINK-4576
1 53566U 22101AR  25322.92494528  .00000562  00000+0  53421-4 0  9999
2 53566  53.2175 191.3494 0001504 113.2017 246.9134 15.08840163180415
STARLINK-3088
1 49163U 21082AK  25322.89960255 -.00002867  00000+0 -23744-3 0  9991
2 49163  69.9998 194.2288 0003082 246.2454 113.8381 14.97534851231029
STARLINK-6320
1 57336U 23099J   25323.15544464 -.00000662  00000+0 -33922-4 0  9993
2 57336  43.0026 129.2006 0001210 262.9608  97.1097 15.02541201129497
STARLINK-1714
1 46562U 20070AG  25323.14693215  .00063025  00000+0  21084-2 0  9990
2 46562  53.0559 278.7355 0005306  53.1076 307.0409 15.30397375283329
STARLINK-30528
1 57967U 23151D   25322.98508143 -.00002816  00000+0 -19359-3 0  9996
2 57967  43.0039 220.0877 0000639 273.4405  86.6364 15.02519217119089
STARLINK-3895
1 52583U 22051AZ  25323.11584949  .00002029  00000+0  14556-3 0  9995
2 52583  53.2165 255.5040 0001297  84.9685 275.1455 15.08837444194891
STARLINK-31978
1 60016U 24111A   25323.01172737  .00003995  00000+0  14707-3 0  9992
2 60016  53.1602 230.0410 0001094  81.6807 278.4317 15.30167079 81983
STARLINK-33799
1 63447U 25069Q   25323.19527501  .00026392  00000+0  90054-3 0  9993
2 63447  53.1609 295.9901 0001060  90.3188 269.7934 15.30182145 36370
STARLINK-30338
1 57718U 23129W   25322.52114937 -.00000636  00000+0 -32000-4 0  9996
2 57718  43.0064   4.1917 0001275 271.5780  88.4917 15.02536753123936
STARLINK-11464 [DTC]
1 62473U 24254M   25323.27287951  .00260046  00000+0  19573-2 0  9999
2 62473  42.9987 168.7043 0001168  15.1126 344.9777 15.70962106 52087
STARLINK-4072
1 52694U 22053AQ  25323.16322397  .00000779  00000+0  67003-4 0  9998
2 52694  53.2180 280.2923 0001448  93.0480 267.0678 15.08843427194466
STARLINK-1364
1 45589U 20025BL  25323.02265641  .00000157  00000+0  29467-4 0  9995
2 45589  53.0547 213.4262 0001488  83.1855 276.9303 15.06387265308822
STARLINK-1962
1 47563U 21009R   25322.89686213 -.00001782  00000+0 -10080-3 0  9995
2 47563  53.0533 158.9868 0001293  89.3539 270.7598 15.06393054264098
STARLINK-2704
1 48643U 21044F   25323.11153608 -.00006645  00000+0 -42781-3 0  9993
2 48643  53.0550 258.0140 0001704  74.7281 285.3897 15.06383120247044
STARLINK-34071
1 63910U 25095W   25323.04485439  .00012667  00000+0  46910-3 0  9996
2 63910  43.0028  81.2963 0001209 264.9657  95.1057 15.27574384 30857
STARLINK-35252
1 65850U 25221AD  25323.02175929  .00024094  00000+0  82286-3 0  9993
2 65850  53.1604 242.8059 0000446 186.2092 173.8903 15.30203782  9132
STARLINK-31022
1 58633U 23203R   25322.31953300  .00002176  00000+0  93094-4 0  9997
2 58633  43.0034 339.9391 0001116 267.4243  92.6480 15.25880697107711
STARLINK-32082
1 60346U 24136T   25323.02640427  .00000723  00000+0  36550-4 0  9999
2 60346  53.1614 229.5327 0001124  88.9195 271.1935 15.30183105 72722
STARLINK-33839
1 64113U 25110T   25322.90989832  .00021208  00000+0  72559-3 0  9999
2 64113  53.1583 181.1806 0001095  95.9511 264.1615 15.30223815 28928
STARLINK-33589
1 62759U 25015B   25323.15155213  .00035304  00000+0  11983-2 0  9998
2 62759  53.1550 116.1524 0002203  82.0406 278.0845 15.30202375 46795
STARLINK-6138
1 57329U 23099B   25322.53506305 -.00000580  00000+0 -27891-4 0  9995
2 57329  43.0030 133.1604 0001456 271.7653  88.3022 15.02542793129398
STARLINK-31280
1 58843U 24017T   25323.24069030  .00001838  00000+0  74177-4 0  9990
2 58843  53.1614 357.5068 0001389  85.2477 274.8682 15.30192040103149
STARLINK-34545
1 65105U 25167AD  25322.91830393  .00032396  00000+0  11010-2 0  9995
2 65105  53.1573 180.9345 0001463  88.1387 271.9782 15.30204118 16527
STARLINK-31296
1 58879U 24020D   25322.78375479  .00000241  00000+0  20236-4 0  9992
2 58879  53.1592  91.8004 0000409  58.3948 301.7093 15.30197467101453
STARLINK-31102
1 58715U 24002L   25322.59603360  .00001702  00000+0  69567-4 0  9996
2 58715  53.1616  26.1459 0001187  87.7862 272.3274 15.30199350105001
STARLINK-3795
1 52264U 22041D   25323.08732875  .00000996  00000+0  80630-4 0  9997
2 52264  53.2172 245.6320 0001200  87.6994 272.4136 15.08838185197660
STARLINK-30557
1 58087U 23160N   25323.30056730  .00001548  00000+0  12961-3 0  9998
2 58087  43.0067 319.9836 0001857 272.0598  88.0032 15.02541315116313
STARLINK-6334
1 57238U 23094W   25323.12948873  .00002729  00000+0  21700-3 0  9992
2 57238  43.0044 258.5250 0001064 264.6153  95.4568 15.02536269130636
STARLINK-3632
1 51784U 22017S   25323.17565427 -.00000117  00000+0  10736-4 0  9999
2 51784  53.2158 125.2347 0001537  86.1459 273.9709 15.08837942205599
STARLINK-32592
1 62035U 24216D   25323.27115141  .00027905  00000+0  10192-2 0  9995
2 62035  42.9994 167.2523 0001179 272.9187  87.1529 15.27597101 56916
STARLINK-32476
1 61550U 24184U   25322.58177143  .00006853  00000+0  24362-3 0  9997
2 61550  53.1601 170.1839 0001382 101.6276 258.4880 15.30156377 61494
STARLINK-32309
1 61676U 24193R   25323.06123728 -.00000211  00000+0  50175-5 0  9996
2 61676  53.1617 244.5274 0001282  97.5761 262.5386 15.30179914 59597
STARLINK-5293
1 55295U 23010AC  25323.27548113 -.00003057  00000+0 -24855-3 0  9991
2 55295  69.9990 322.9814 0003063 256.8002 103.2815 14.98324726156248
STARLINK-5226
1 54056U 22136F   25323.15949984  .00000050  00000+0  21261-4 0  9998
2 54056  53.2162 119.8936 0001385  88.2069 271.9081 15.08836110170164
STARLINK-6379
1 57343U 23099R   25323.17875337 -.00004982  00000+0 -35383-3 0  9990
2 57343  43.0035 129.3903 0001216 268.2741  91.7962 15.02555209129499
STARLINK-31044
1 58589U 23200A   25322.97174572  .00005962  00000+0  45638-3 0  9998
2 58589  43.0053  51.4899 0001410 278.1348  81.9334 15.02511359106947
STARLINK-6195
1 56902U 23083AC  25323.26134582  .00000211  00000+0  30685-4 0  9993
2 56902  43.0054 309.2864 0001567 278.0276  82.0388 15.02534518135319
STARLINK-30839
1 58209U 23170D   25323.04104461 -.00000100  00000+0  76828-5 0  9999
2 58209  43.0034  77.2726 0001144 271.2794  88.7917 15.02532677113635
STARLINK-30805
1 58214U 23170J   25323.02774144 -.00002685  00000+0 -18383-3 0  9995
2 58214  43.0030  77.1731 0001547 269.0890  90.9775 15.02515506113630
STARLINK-32573
1 61725U 24196U   25323.10553950  .00000640  00000+0  33749-4 0  9995
2 61725  53.1609 255.1373 0001215  82.7544 277.3595 15.30185225 60222
STARLINK-34263
1 64164U 25112U   25323.14588587  .00005625  00000+0  39370-3 0  9995
2 64164  97.6060  12.5411 0001467  80.2548 279.8844 15.05653373 26671
STARLINK-2225
1 48574U 21041X   25323.03695666  .00001910  00000+0  14714-3 0  9992
2 48574  53.0555 238.4412 0002017  80.5324 279.5893 15.06393642248948
STARLINK-3832
1 52646U 22052BA  25322.90793521 -.00001595  00000+0 -82112-4 0  9993
2 52646  53.2194  36.4779 0001497  95.1499 264.9664 15.08838493194418
STARLINK-4388
1 53651U 22105D   25323.14091197  .00001236  00000+0  89889-4 0  9994
2 53651  97.6022 202.2628 0001983  91.4143 268.7311 15.05643640176661
STARLINK-1017
1 44723U 19074L   25323.27323882  .00043646  00000+0  22249-2 0  9994
2 44723  53.0520 317.6732 0003966  12.6108 347.4984 15.16355199332178
STARLINK-4097
1 53265U 22086Z   25323.30214569  .00000709  00000+0  62653-4 0  9995
2 53265  53.2170 329.6661 0001242  84.1871 275.9262 15.08838737184402
STARLINK-3910
1 52586U 22051BC  25323.11216970  .00001102  00000+0  87331-4 0  9997
2 52586  53.2175 255.5223 0001601  97.8689 262.2485 15.08836749194891
STARLINK-4798
1 53858U 22114AS  25322.43645320 -.00001640  00000+0 -84999-4 0  9995
2 53858  53.2170  63.7483 0001303  86.7420 273.3721 15.08836983176318
STARLINK-5710
1 55616U 23020AZ  25322.75548046  .00001165  00000+0  10132-3 0  9995
2 55616  43.0027 234.3040 0001104 266.8298  93.2418 15.02525905152384
STARLINK-31112
1 58680U 23211P   25321.47532489 -.00003790  00000+0 -12831-3 0  9999
2 58680  43.0009 358.9436 0000789 282.9929  77.0835 15.27572586106485
STARLINK-34502
1 64680U 25139S   25323.15505696  .00025916  00000+0  88334-3 0  9997
2 64680  53.1604 280.2554 0001429  90.7394 269.3771 15.30226961 23363
STARLINK-5027
1 55370U 23013AR  25322.69985803  .00000461  00000+0  49203-4 0  9993
2 55370  43.0043 196.4145 0001251 273.0962  86.9737 15.02529207154861
STARLINK-32551
1 62166U 24225D   25322.78049100  .00000972  00000+0  89220-4 0  9991
2 62166  70.0007  84.0320 0003230 273.3785  86.7005 14.98331200 53260
STARLINK-1678
1 46538U 20070G   25323.21887057  .00111716  00000+0  21593-2 0  9996
2 46538  53.0505 285.9681 0001761 209.6833 150.4074 15.46933963283228
STARLINK-30609
1 58085U 23160L   25323.30500751  .00000521  00000+0  53631-4 0  9993
2 58085  43.0049 320.0157 0000858 253.2369 106.8379 15.02529061116314
STARLINK-31579
1 59267U 24050P   25323.28331437  .00004738  00000+0  17205-3 0  9995
2 59267  53.1620 333.9052 0001976  92.0200 268.1027 15.30191151 93644
STARLINK-32782
1 62821U 25018R   25322.80749326  .00030485  00000+0  10367-2 0  9996
2 62821  53.1567 104.5026 0000842 109.9180 250.1912 15.30213823 46208
STARLINK-31585
1 59608U 24080H   25323.22139149  .00003228  00000+0  12678-3 0  9999
2 59608  43.0008 297.8265 0001229 270.4489  89.6221 15.27581374 87693
STARLINK-3804
1 52270U 22041K   25323.06524545  .00002410  00000+0  16947-3 0  9997
2 52270  53.2169 245.7610 0001329  88.8262 271.2882 15.08830996197666
STARLINK-35368
1 65830U 25221H   25323.02281496  .00031555  00000+0  10724-2 0  9995
2 65830  53.1608 242.8181 0000826 106.3699 253.7393 15.30217873  9090
STARLINK-11601 [DTC]
1 63110U 25039G   25323.04278424  .00183408  00000+0  13969-2 0  9999
2 63110  42.9987 183.7810 0003505 278.6213  81.4257 15.70915426 42218
STARLINK-11660 [DTC]
1 63761U 25089L   25322.77416510  .00297793  00000+0  22198-2 0  9992
2 63761  42.9989 240.5968 0002459 253.3989 106.6609 15.71077747 32648
STARLINK-31185
1 58788U 24012B   25323.00391694 -.00003421  00000+0 -11482-3 0  9992
2 58788  43.0058  70.7192 0001921 272.8798  87.1834 15.27578816104309
STARLINK-2713
1 48602U 21041BB  25323.12584633 -.00005983  00000+0 -38328-3 0  9998
2 48602  53.0543 252.9534 0001561  89.9774 270.1394 15.06379252250002
STARLINK-4563
1 53561U 22101AL  25322.69587615  .00000516  00000+0  50510-4 0  9993
2 53561  53.2176 202.3937 0001448  89.6548 270.4610 15.08830354179553
STARLINK-35055
1 65524U 25200E   25323.18719955  .00008140  00000+0  56757-3 0  9996
2 65524  97.6038  30.8756 0002553  87.3087 272.8432 15.05658254 12501
STARLINK-33556
1 62109U 24220X   25323.12196622  .00032275  00000+0  11771-2 0  9999
2 62109  43.0003 109.7730 0001526 275.0067  85.0610 15.27583276 56308
STARLINK-5094
1 53977U 22125P   25322.42586231 -.00003917  00000+0 -22817-3 0  9992
2 53977  53.2183 358.7145 0001475  86.6159 273.5001 15.08832970172595
STARLINK-30933
1 58410U 23180J   25323.27701140 -.00000386  00000+0 -44956-5 0  9990
2 58410  43.0010 170.2958 0000722 265.5537  94.5233 15.27576143112454
STARLINK-31565
1 59323U 24057D   25322.81440079 -.00001285  00000+0 -37209-4 0  9999
2 59323  42.9998 100.8973 0001079 275.2299  84.8429 15.27563552 92799
STARLINK-11130 [DTC]
1 59950U 24107F   25322.71155979  .00001994  00000+0  21325-4 0  9999
2 59950  53.1619  78.4928 0001157  50.4438 309.6682 15.69699576 84718
STARLINK-31522
1 59204U 24046D   25323.22744174  .00001790  00000+0  72555-4 0  9996
2 59204  53.1629 308.6847 0001479  98.1549 261.9620 15.30192331 96134
STARLINK-5553
1 56333U 23058S   25322.96645519  .00000738  00000+0  55322-4 0  9995
2 56333  97.6030 322.0408 0001816  80.2809 279.8623 15.05659584141538
STARLINK-3845
1 52541U 22051J   25323.16415419  .00000638  00000+0  58173-4 0  9997
2 52541  53.2189 270.2904 0001718  97.3939 262.7248 15.08833904194688
STARLINK-3991
1 52641U 22052AV  25322.92730980  .00001749  00000+0  12797-3 0  9990
2 52641  53.2188  36.5549 0001346  92.1878 267.9269 15.08827642194411
STARLINK-1280
1 45388U 20019AE  25323.33336806  .00164813  00000+0  36547-2 0  9996
2 45388  53.0538 294.8163 0007215  58.1395  44.6163 15.42635817  5846
STARLINK-2731
1 48651U 21044P   25323.08668617  .00001278  00000+0  10467-3 0  9990
2 48651  53.0555 258.1302 0001448  99.0573 261.0580 15.06401053247033
STARLINK-35041
1 66188U 25243M   25323.33336806 -.02022800  00000+0 -36117-1 0  9996
2 66188  53.1593  38.7747 0000799  89.4217 309.3608 15.52681348  4870
STARLINK-5406
1 54860U 22177AS  25322.84911768 -.00000533  00000+0 -24354-4 0  9994
2 54860  43.0047   2.4545 0001393 254.6824 105.3864 15.02532694160438
STARLINK-35714
1 66214U 25244J   25323.25002315 -.00034631  00000+0 -61715-3 0  9990
2 66214  53.1607  26.7798 0001226  87.3271 354.7246 15.49318162  4433
STARLINK-11127 [DTC]
1 60119U 24118G   25322.65030962  .00002045  00000+0  21728-4 0  9992
2 60119  53.1581  48.6214 0001222 102.6086 257.5069 15.69714310 80556
STARLINK-5471
1 54766U 22175J   25322.90012468  .00005895  00000+0  38812-3 0  9990
2 54766  53.2142 181.4700 0001227  94.2885 265.8247 15.08842692163195
STARLINK-33807
1 63518U 25071AB  25323.20886425  .00051504  00000+0  17386-2 0  9999
2 63518  53.1606 295.2701 0001594  90.1522 269.9661 15.30207552 35827
STARLINK-2429
1 47838U 21018BD  25322.57342133 -.00001844  00000+0 -10493-3 0  9992
2 47838  53.0558  30.4392 0001368  92.2969 267.8177 15.06411631259848
STARLINK-34513
1 64609U 25137R   25322.90622540  .00039339  00000+0  98637-3 0  9997
2 64609  53.1573 133.3541 0000555  87.6079 272.4990 15.39682368 23822
STARLINK-4778
1 53836U 22114U   25323.03537113 -.00000380  00000+0 -57906-5 0  9997
2 53836  53.2167  71.0711 0001026  89.3990 270.7120 15.08839421176267
STARLINK-35086
1 65699U 25212Z   25323.20688758  .00070280  00000+0  23639-2 0  9997
2 65699  53.1546 139.1739 0002490  81.8556 278.2727 15.30181258 10271
STARLINK-3866
1 52500U 22049BB  25321.97505876 -.00002187  00000+0 -11937-3 0  9992
2 52500  53.2174 180.6316 0001414  95.0208 265.0946 15.08840005195665
STARLINK-1641
1 46174U 20057BK  25323.07869866  .00010981  00000+0  42273-3 0  9990
2 46174  53.0539  88.6626 0001711  58.1613 301.9551 15.26881614289453
STARLINK-5797
1 55784U 23028AV  25322.86443316 -.00004139  00000+0 -33948-3 0  9991
2 55784  69.9984 123.9673 0002746 275.7641  84.3205 14.98314266150426
STARLINK-30756
1 58129U 23162M   25322.84332804 -.00000818  00000+0 -45465-4 0  9991
2 58129  43.0046  15.5697 0001060 280.1652  79.9071 15.02538742115623
STARLINK-31267
1 59468U 24068P   25323.20132963  .00000417  00000+0  24685-4 0  9993
2 59468  43.0008 294.2792 0001082 274.6591  85.4137 15.27578462 91677
STARLINK-4609
1 53619U 22104AH  25322.86055094 -.00000445  00000+0 -98571-5 0  9993
2 53619  53.2198  11.6455 0001806  87.3057 272.8142 15.08840007178905
STARLINK-2510
1 48329U 21036BF  25323.01849021 -.00010801  00000+0 -70767-3 0  9999
2 48329  53.0546 238.4435 0001505  87.8779 272.2383 15.06379613251351
STARLINK-34748
1 64848U 25152G   25323.19175078  .00006853  00000+0  47870-3 0  9998
2 64848  97.6031 176.6341 0002287  87.9053 272.2436 15.05650748 18799
STARLINK-11668 [DTC]
1 63557U 25075K   25323.10928976  .00193423  00000+0  14733-2 0  9993
2 63557  42.9999 100.6602 0001461  44.2616 315.8368 15.70885512 35857
STARLINK-4774
1 56138U 23046AY  25322.87737138  .00000138  00000+0  25332-4 0  9996
2 56138  43.0055  28.0307 0001574 264.7242  95.3421 15.02531513145545
STARLINK-6349
1 57241U 23094Z   25323.13392748  .00000268  00000+0  34945-4 0  9993
2 57241  43.0052 258.5618 0001149 257.1526 102.9188 15.02540590130636
STARLINK-31067
1 58608U 23200V   25322.98172666 -.00002661  00000+0 -18197-3 0  9998
2 58608  43.0047  51.5763 0001367 266.7234  93.3452 15.02536179106946
STARLINK-6196
1 56487U 23064AR  25323.25111904  .00000612  00000+0  59071-4 0  9997
2 56487  70.0007  22.7649 0002699 270.7592  89.3257 14.98332366139691
STARLINK-34712
1 64907U 25157D   25323.21022238  .00041934  00000+0  10533-2 0  9995
2 64907  53.1596 144.1790 0001285  58.8404 301.2727 15.39599383 19139
STARLINK-3269
1 50194U 21125AQ  25323.25872355  .00070902  00000+0  10842-2 0  9996
2 50194  53.2194 317.2730 0004833  53.0840 307.0614 15.53762328220935
STARLINK-4206
1 52847U 22062T   25322.95990818  .00001749  00000+0  12791-3 0  9994
2 52847  53.2161 171.2060 0001153  72.7017 287.4102 15.08841914189077
STARLINK-31463
1 59296U 24056A   25322.88327435 -.00001038  00000+0 -28216-4 0  9998
2 59296  43.0005 132.5315 0001581 265.4945  94.5726 15.27571056 94257
STARLINK-30598
1 58079U 23160E   25321.99209348  .00006265  00000+0  47849-3 0  9991
2 58079  43.0044 327.3698 0001497 277.8267  82.2406 15.02532200116116
STARLINK-32308
1 61663U 24193C   25323.06439916  .00000219  00000+0  19517-4 0  9992
2 61663  53.1606 244.5529 0001391 100.0304 260.0854 15.30185873 59592
STARLINK-1191
1 45222U 20012AW  25323.19496584 -.00000868  00000+0 -39408-4 0  9992
2 45222  53.0547 142.6478 0001215  95.8628 264.2499 15.06400089318742
STARLINK-33613
1 63286U 25053X   25322.87387191  .00026951  00000+0  98530-3 0  9998
2 63286  42.9978 147.7759 0001853 270.7479  89.3160 15.27579827 39247
STARLINK-4110
1 53166U 22083AL  25323.26167456  .00004098  00000+0  27520-3 0  9997
2 53166  53.2183 299.7523 0001529  87.8393 272.2775 15.08865060184696
STARLINK-3304
1 50161U 21125F   25322.62089209 -.00002690  00000+0 -15097-3 0  9997
2 50161  53.2195  37.7279 0001600 100.2214 259.8959 15.08843764219681
STARLINK-30496
1 57919U 23147G   25322.98987214  .00001273  00000+0  10927-3 0  9994
2 57919  43.0040 207.7581 0000876 270.7828  89.2914 15.02534758119968
STARLINK-32806
1 62735U 25014A   25322.97962172  .00021950  00000+0  80492-3 0  9994
2 62735  42.9998  59.8077 0000589 294.0745  66.0045 15.27574285 46327
STARLINK-34285
1 65101U 25167Z   25322.93202122  .00029061  00000+0  98890-3 0  9993
2 65101  53.1598 181.0202 0001070 111.6641 248.4474 15.30219526 16529
STARLINK-33741
1 63365U 25063C   25322.96271175  .00026791  00000+0  91358-3 0  9994
2 63365  53.1593 206.9963 0001243  97.5668 262.5474 15.30194451 37808
STARLINK-32686
1 62192U 24229A   25322.86169699  .00040357  00000+0  14684-2 0  9990
2 62192  42.9973 172.9874 0000482 318.2348  41.8467 15.27572290 53656
STARLINK-3536
1 51888U 22022AN  25323.21153086 -.00000863  00000+0 -36102-4 0  9993
2 51888  53.2145 135.0745 0001554  99.1436 260.9732 15.08844379206572
STARLINK-33676
1 63403U 25065E   25322.87262800  .00021459  00000+0  78722-3 0  9990
2 63403  43.0019  12.7725 0000817 275.8050  84.2708 15.27572918 35893
STARLINK-3295
1 50840U 22001AP  25323.25752675  .00002483  00000+0  17404-3 0  9991
2 50840  53.2166 314.8688 0001353  80.8741 279.2404 15.08844652213580
STARLINK-2406
1 47821U 21018AL  25322.90883725  .00002616  00000+0  19443-3 0  9998
2 47821  53.0540  28.9432 0001418  82.9289 277.1861 15.06397227259898
STARLINK-11672 [DTC]
1 63665U 25085B   25323.03600672  .00162331  00000+0  12407-2 0  9996
2 63665  43.0000 224.9753 0001165 242.0424 118.0326 15.70904384 33455
STARLINK-30488
1 57931U 23147U   25322.96323395  .00006307  00000+0  48149-3 0  9990
2 57931  43.0020 207.5567 0001239 288.8102  71.2605 15.02540180119965
STARLINK-1493
1 45759U 20038AF  25323.25301601  .00001090  00000+0  92056-4 0  9991
2 45759  53.0553 352.3864 0002066 104.6032 255.5186 15.06398036299827
STARLINK-32895
1 63081U 25037E   25323.23943393  .00006502  00000+0  55221-3 0  9996
2 63081  70.0024 273.1017 0001991 255.3436 104.7503 14.98333311 41913
STARLINK-3746
1 52268U 22041H   25323.05788165  .00010424  00000+0  67194-3 0  9997
2 52268  53.2159 245.6884 0001346  87.0306 273.0841 15.08845424197660
STARLINK-3701
1 52095U 22029H   25322.97878129  .00011683  00000+0  75031-3 0  9998
2 52095  53.2178 226.1187 0001491  93.9666 266.1497 15.08869228203942
STARLINK-30082
1 57509U 23113Q   25322.85249020 -.00000741  00000+0 -39770-4 0  9993
2 57509  43.0056 259.9204 0000987 247.6368 112.4370 15.02526263126983
STARLINK-4399
1 53469U 22099E   25323.28488752  .00001945  00000+0  13892-3 0  9992
2 53469  97.6006  82.4107 0001224 106.4749 253.6612 15.05666939179438
STARLINK-3080
1 49161U 21082AH  25323.12607114 -.00000121  00000+0 -23683-5 0  9993
2 49161  69.9995 213.2033 0002744 264.2492  95.8355 14.98329756230497
STARLINK-35723
1 66211U 25244F   25323.25002315 -.02071680  00000+0 -44418-1 0  9993
2 66211  53.1608  26.8065 0000927  82.2839 347.1306 15.47645271  4480
STARLINK-11316 [DTC]
1 61875U 24204B   25322.61476148  .00000439  00000+0  84779-5 0  9995
2 61875  53.1589 183.4861 0001032  80.5670 279.5465 15.69708916 59478
STARLINK-5062
1 55637U 23021K   25323.10185431 -.00001169  00000+0 -90215-4 0  9991
2 55637  69.9990 103.3998 0003220 278.2684  81.8110 14.98335186152226
STARLINK-35008
1 65408U 25192E   25322.91906335  .00046758  00000+0  11712-2 0  9995
2 65408  53.1600  34.0585 0003158  76.0930 284.0426 15.39631239 12323
STARLINK-34834
1 65295U 25184Y   25323.15833159  .00006540  00000+0  45727-3 0  9999
2 65295  97.6022  13.6226 0001049  83.3370 276.7976 15.05631557 14662
STARLINK-35440
1 66345U 25253AC  25323.25002315  .00160889  00000+0  10335-2 0  9999
2 66345  42.9980 123.0957 0001835 288.2165 121.6727 15.74975327  3159
STARLINK-35316
1 65742U 25216J   25322.74682096  .00043647  00000+0  10937-2 0  9991
2 65742  53.1582 128.5042 0001947  96.3329 263.7898 15.39653920  8470
STARLINK-4201
1 52856U 22062AC  25323.27459353  .00000555  00000+0  52977-4 0  9999
2 52856  53.2155 159.8421 0001421  92.8167 267.2988 15.08839340189258
STARLINK-3613
1 51810U 22017AU  25323.11495743 -.00000100  00000+0  11797-4 0  9996
2 51810  53.2167 105.7292 0001226  86.5672 273.5460 15.08840775207384
STARLINK-5016
1 56143U 23046BD  25322.52278431  .00001537  00000+0  12886-3 0  9993
2 56143  43.0050  29.6677 0001371 257.4478 102.6211 15.02534249145490
STARLINK-31006
1 59024U 24038B   25323.07493443  .00002552  00000+0  10222-3 0  9999
2 59024  43.0014 241.2991 0002082 276.4076  83.6539 15.27588561 98421
STARLINK-32877
1 62960U 25029N   25322.91478825  .00044222  00000+0  14968-2 0  9992
2 62960  53.1599  27.2666 0001697  92.5730 267.5465 15.30189603 44330
STARLINK-5535
1 56356U 23058AR  25323.28767003  .00000967  00000+0  71206-4 0  9992
2 56356  97.6023 322.3853 0001348  87.8289 272.3092 15.05650169141580
STARLINK-30121
1 56695U 23067H   25323.24024328  .00000770  00000+0  72085-4 0  9998
2 56695  43.0014 154.7579 0001383 265.1860  94.8825 15.02536794139041
STARLINK-2720
1 48653U 21044R   25323.14566093  .00002592  00000+0  19287-3 0  9993
2 48653  53.0547 257.8699 0001397 100.6907 259.4239 15.06396993247043
STARLINK-3173
1 51111U 22005H   25322.98981004 -.00000098  00000+0  11925-4 0  9990
2 51111  53.2183  66.0695 0001322  87.1478 272.9665 15.08834171212165
STARLINK-3245
1 50170U 21125Q   25322.88308699 -.00001435  00000+0 -72075-4 0  9998
2 50170  53.2185  26.5501 0001413  87.2522 272.8632 15.08839880219869
STARLINK-31858
1 59658U 24084E   25323.23466207  .00001397  00000+0  60295-4 0  9991
2 59658  43.0016 305.3210 0001914 277.0693  82.9941 15.27572248 87485
STARLINK-35638
1 66169U 25240Z   25323.16867042  .00082359  00000+0  14721-2 0  9993
2 66169  53.1604 217.1159 0001420  86.3231 273.7940 15.49332120  5057
STARLINK-34512
1 64419U 25129H   25323.26123165  .00003214  00000+0  27713-3 0  9996
2 64419  70.0033 352.9870 0002564 241.2861 118.8040 14.98318334 24680
STARLINK-34104
1 64102U 25110G   25322.93417639  .00022276  00000+0  76212-3 0  9997
2 64102  53.1624 181.3328 0001212  96.9842 263.1296 15.30194499 28921
STARLINK-31218
1 58895U 24020V   25322.81548404 -.00000852  00000+0 -16664-4 0  9994
2 58895  53.1596 117.5667 0000554 121.5790 238.5265 15.30174373101094
STARLINK-30328
1 57638U 23122G   25322.97843402  .00000865  00000+0  79135-4 0  9997
2 57638  43.0040 322.9352 0001021 284.5502  75.5227 15.02533087125693
STARLINK-30847
1 58239U 23171K   25322.95271288 -.00010743  00000+0 -78075-3 0  9993
2 58239  43.0020 168.0610 0001498 278.2165  81.8508 15.02566547113065
STARLINK-35412
1 65797U 25218G   25323.16606764  .00004950  00000+0  34703-3 0  9990
2 65797  97.6028 184.0789 0001794  91.3975 268.7457 15.05650231  8342
STARLINK-34039
1 63946U 25098W   25323.02586534  .00013071  00000+0  11005-2 0  9990
2 63946  70.0011 193.5753 0002604 271.4538  88.6322 14.98354097 29970
STARLINK-34722
1 64851U 25152K   25323.16128226  .00003748  00000+0  26382-3 0  9997
2 64851  97.6017 176.5190 0002040  88.4354 271.7106 15.05651829 18783
STARLINK-31368
1 58970U 24031F   25323.09028030  .00000458  00000+0  27606-4 0  9997
2 58970  53.1584  90.1646 0001406  82.6243 277.4917 15.30194634 99606
STARLINK-6113
1 56113U 23046W   25322.91694412  .00000868  00000+0  79303-4 0  9998
2 56113  43.0041  40.4483 0001148 272.6464  87.4247 15.02536739145405
STARLINK-4030
1 52698U 22053AU  25323.17194433  .00002279  00000+0  16116-3 0  9996
2 52698  53.2180 285.2429 0001111  81.4321 278.6797 15.08860058194399
STARLINK-31261
1 59084U 24041L   25323.01652228 -.00000880  00000+0 -22457-4 0  9999
2 59084  43.0004 215.8837 0000961 282.0798  77.9946 15.27573633 97397
STARLINK-31604
1 59214U 24046P   25323.26426161  .00003560  00000+0  13228-3 0  9992
2 59214  53.1613 308.1995 0001570 102.3874 257.7303 15.30197505 96137
STARLINK-2021
1 47604U 21009BJ  25322.95886256  .00057921  00000+0  18394-2 0  9996
2 47604  53.0543 144.8417 0002368 149.3278 210.7861 15.32119218264308
STARLINK-6065
1 56812U 23078AX  25323.18290741 -.00001637  00000+0 -12947-3 0  9993
2 56812  70.0004 242.9641 0002278 279.9765  80.1137 14.98315673136622
STARLINK-2088
1 47371U 21005Y   25322.96321709 -.00002984  00000+0 -18155-3 0  9998
2 47371  53.0535 198.6892 0001607  96.6732 263.4440 15.06385106266355
STARLINK-34327
1 64208U 25117F   25322.94310771  .00035441  00000+0  12028-2 0  9993
2 64208  53.1580 193.7492 0001262  91.0819 269.0327 15.30206235 26530
STARLINK-30135
1 56842U 23079V   25321.48439668 -.00000490  00000+0 -21214-4 0  9995
2 56842  43.0027 357.1545 0001492 262.5484  97.5189 15.02545336136003
STARLINK-34172
1 64173U 25113D   25323.07391250  .00024496  00000+0  83657-3 0  9991
2 64173  53.1595 244.6281 0000906  73.3996 286.7104 15.30195264 28093
STARLINK-11411 [DTC]
1 62018U 24213L   25323.08620621  .00149819  00000+0  12175-2 0  9998
2 62018  53.1570 226.4984 0001127  88.3772 271.7375 15.69744664 57546
STARLINK-34303
1 64168U 25112Y   25323.24557771  .00002218  00000+0  15788-3 0  9993
2 64168  97.6028  12.7174 0001099 105.4487 254.6861 15.05650266 26690
STARLINK-3174
1 51468U 22010N   25322.99072768 -.00001789  00000+0 -94343-4 0  9994
2 51468  53.2162  56.0305 0001490  79.8089 280.3071 15.08833249209802
STARLINK-6322
1 57337U 23099K   25323.19313647  .00007577  00000+0  57470-3 0  9998
2 57337  43.0015 129.4990 0001621 269.8275  90.2382 15.02579906129496
STARLINK-3110
1 49420U 21104N   25323.27869116  .00001625  00000+0  12019-3 0  9991
2 49420  53.2186   4.7769 0001461 102.3987 257.7169 15.08837267221954
STARLINK-34298
1 64269U 25120P   25323.14244186  .00025960  00000+0  88561-3 0  9994
2 64269  53.1592 269.9791 0002220  93.3430 266.7825 15.30196699 26895
STARLINK-31156
1 58743U 24005R   25323.08367905  .00002811  00000+0  22314-3 0  9997
2 58743  43.0044 102.6315 0001682 267.1283  92.9367 15.02525338103833
STARLINK-35700
1 66217U 25244M   25323.25002315 -.00037938  00000+0 -67708-3 0  9994
2 66217  53.1606  26.7883 0001131  87.0165 351.2004 15.49320884  4432
STARLINK-30462
1 57902U 23146M   25322.71092356 -.00002071  00000+0 -13831-3 0  9996
2 57902  43.0048 196.2475 0001586 260.4288  99.6375 15.02523920120335
STARLINK-32232
1 60431U 24144G   25322.57125195  .00002163  00000+0  85154-4 0  9996
2 60431  53.1619  13.4657 0001493  71.6104 288.5060 15.30191393 72297
STARLINK-11179 [DTC]
1 60190U 24124H   25323.24296512  .00009620  00000+0  84170-4 0  9995
2 60190  53.1564 345.9781 0001644 125.3961 234.7210 15.69710710 79182
STARLINK-31650
1 59512U 24073B   25322.78869047 -.00001122  00000+0 -31270-4 0  9995
2 59512  43.0009 224.4307 0000598 264.7748  95.3036 15.27566496 89219
STARLINK-30780
1 58140U 23162Y   25322.85331784 -.00000671  00000+0 -34607-4 0  9994
2 58140  43.0066  15.6421 0001245 271.2610  88.8090 15.02535319115621
STARLINK-5097
1 53995U 22125AH  25323.27087005  .00000899  00000+0  74561-4 0  9999
2 53995  53.2184 349.7704 0001476  91.5572 268.5590 15.08833553172788
STARLINK-32676
1 62426U 24249T   25323.02761977  .00032871  00000+0  11982-2 0  9998
2 62426  43.0026 219.5255 0001295 261.7714  98.2990 15.27594175 50885
STARLINK-2133
1 47406U 21005BK  25323.33336806  .00211173  00000+0  32379-2 0  9996
2 47406  53.0535 155.2709 0000765  83.0341   6.6920 15.53078324  5893
STARLINK-34466
1 66226U 25244W   25323.25002315 -.00048951  00000+0 -87710-3 0  9996
2 66226  53.1607  26.7436 0001063  84.3774  14.9316 15.49325091  4756
STARLINK-31549
1 59360U 24060N   25321.99331487 -.00004201  00000+0 -14331-3 0  9995
2 59360  42.9997 170.3701 0001038 270.1580  89.9152 15.27563673 92986
STARLINK-33875
1 63789U 25091Q   25322.72555815  .00030925  00000+0  11277-2 0  9990
2 63789  43.0085 319.0249 0002926 273.4568  86.5949 15.27603973 31937
STARLINK-34612
1 64773U 25147U   25322.57967386  .00034802  00000+0  11814-2 0  9994
2 64773  53.1585  38.6129 0001262 100.4601 259.6543 15.30206169 21749
STARLINK-30371
1 57735U 23131D   25322.98316900 -.00000132  00000+0  52717-5 0  9990
2 57735  43.0051  53.1139 0001502 269.9245  90.1425 15.02540358123278
STARLINK-30873
1 58249U 23171V   25322.64686412 -.00002469  00000+0 -16778-3 0  9997
2 58249  43.0030 169.2068 0000852 294.9149  65.1605 15.02537398113028
STARLINK-30129
1 56689U 23067B   25323.26023301  .00001262  00000+0  10854-3 0  9995
2 56689  43.0028 154.9047 0001082 269.0527  91.0192 15.02516102139047
STARLINK-2755
1 48479U 21040BD  25323.26822330 -.00000749  00000+0 -31425-4 0  9990
2 48479  53.0542 327.3173 0001418  89.6664 270.4488 15.06386852249846
STARLINK-1567
1 46038U 20055M   25323.14335379 -.00005418  00000+0 -34530-3 0  9990
2 46038  53.0549 262.8786 0001377  86.5918 273.5229 15.06381648292222
STARLINK-33922
1 63698U 25087B   25322.85408815  .00028214  00000+0  96088-3 0  9997
2 63698  53.1606  14.1351 0001352  92.4850 267.6305 15.30207689 32228
STARLINK-5289
1 55278U 23010K   25323.24207968 -.00005712  00000+0 -47092-3 0  9997
2 55278  69.9989 322.8648 0002559 268.8964  91.1901 14.98362992156237
STARLINK-30809
1 58183U 23167J   25322.88628168  .00002357  00000+0  18953-3 0  9990
2 58183  43.0065  28.3401 0001349 291.2234  68.8464 15.02536697114289
STARLINK-30427
1 57865U 23144B   25322.92092613 -.00000867  00000+0 -49126-4 0  9999
2 57865  42.9982 169.7451 0000942 261.9470  98.1265 15.02532631120905
STARLINK-30971
1 58443U 23183G   25323.19094439  .00002538  00000+0  20286-3 0  9993
2 58443  43.0049 283.6279 0001150 284.9387  75.1328 15.02538661110095
STARLINK-30819
1 58179U 23167E   25322.89294190  .00000193  00000+0  29393-4 0  9997
2 58179  43.0054  28.3888 0001308 283.1160  76.9537 15.02534250114288
STARLINK-3715
1 52127U 22029AR  25322.99903557  .00016906  00000+0  10797-2 0  9990
2 52127  53.2167 206.0267 0002080  90.3466 269.7765 15.08774170204215
STARLINK-3891
1 52650U 22052BE  25322.90886486 -.00000011  00000+0  17388-4 0  9995
2 52650  53.2178  26.5392 0001123 115.3081 244.8028 15.08840667194556
STARLINK-5257
1 55316U 23010AZ  25323.25830875  .00003088  00000+0  26647-3 0  9995
2 55316  69.9998 282.7871 0002469 277.8792  82.2087 14.98331642158103
STARLINK-33611
1 63279U 25053Q   25322.84737541  .00034294  00000+0  12493-2 0  9997
2 63279  42.9962 144.1079 0001983 269.7777  90.2848 15.27597041 39399
STARLINK-31282
1 59307U 24056M   25323.19444387 -.00002018  00000+0 -63828-4 0  9999
2 59307  43.0026 134.8910 0001151 267.7498  92.3222 15.27572914 94251
STARLINK-5705
1 55472U 23015Z   25322.91483661 -.00004540  00000+0 -32114-3 0  9994
2 55472  43.0055 195.4983 0001177 269.8273  90.2435 15.02541273154232
STARLINK-3718
1 52132U 22029AW  25322.99533140  .00008393  00000+0  54469-3 0  9999
2 52132  53.2154 206.0466 0001571  83.5152 276.6019 15.08844813204220
STARLINK-34827
1 65038U 25161Z   25323.23928373  .00043638  00000+0  14771-2 0  9994
2 65038  53.1570  86.9276 0001156  86.8397 273.2737 15.30193671 17327
STARLINK-6154
1 57123U 23090Y   25323.24574001 -.00000263  00000+0 -43875-5 0  9994
2 57123  43.0046 154.4334 0001202 273.4280  86.6425 15.02540474133619
STARLINK-32093
1 59701U 24086V   25322.74398903 -.00000576  00000+0 -11440-4 0  9992
2 59701  42.9993 326.5318 0000603  60.5233 299.5679 15.27549453 87148
STARLINK-6044
1 56479U 23064AH  25323.27221057  .00000128  00000+0  18511-4 0  9997
2 56479  70.0010  42.7061 0002917 263.2423  96.8404 14.98330079139202
STARLINK-5269
1 54161U 22141E   25323.25344699  .00001650  00000+0  12169-3 0  9997
2 54161  53.2152 149.9932 0001374  78.9843 281.1304 15.08847578169040
STARLINK-33952
1 64046U 25102AA  25323.26584374  .00007421  00000+0  62901-3 0  9998
2 64046  70.0021  32.7994 0003133 268.5329  91.5471 14.98332946 29413
STARLINK-2657
1 48655U 21044T   25323.13829373 -.00000569  00000+0 -19269-4 0  9992
2 48655  53.0539 257.8982 0001834  81.9408 278.1789 15.06387321247047
STARLINK-3611
1 51779U 22017M   25322.83897187  .00000569  00000+0  53833-4 0  9991
2 51779  53.2162 116.7985 0000972  85.3712 274.7391 15.08848227205837
STARLINK-4681
1 53594U 22104G   25322.85962450 -.00000176  00000+0  70570-5 0  9996
2 53594  53.2191  21.6317 0001336  94.4905 265.6240 15.08835647179350
STARLINK-30309
1 57632U 23122A   25322.31570152  .00002203  00000+0  17803-3 0  9999
2 57632  43.0050 340.2096 0001276 285.4957  74.5745 15.02548384125423
STARLINK-4649
1 53831U 22114P   25322.75106674 -.00001235  00000+0 -59500-4 0  9995
2 53831  53.2183  82.1257 0001208  83.4752 276.6378 15.08840223176083
STARLINK-3257
1 50203U 21125AZ  25322.87025888  .00000167  00000+0  28586-4 0  9997
2 50203  53.2184  16.6945 0001344  91.5112 268.6034 15.08836914220061
STARLINK-30414
1 57859U 23141V   25323.06237531  .00001036  00000+0  47101-4 0  9993
2 57859  53.1599  77.7513 0001241  85.2774 274.8369 15.30194983123399
STARLINK-4483
1 53532U 22101F   25322.98198870  .00000587  00000+0  54971-4 0  9997
2 53532  53.2184 211.1091 0001635  90.5819 269.5361 15.08839045179456
STARLINK-5531
1 55383U 23013BE  25323.27758245  .00001077  00000+0  94798-4 0  9993
2 55383  43.0029 167.0030 0000815 255.6838 104.3914 15.02532381155252
STARLINK-3151
1 49408U 21104A   25322.82700800 -.00001451  00000+0 -73054-4 0  9997
2 49408  53.2186   6.8326 0001402  87.9736 272.1417 15.08844983221890
STARLINK-32883
1 62806U 25018A   25322.81171837  .00041385  00000+0  14002-2 0  9997
2 62806  53.1562 104.5334 0002109  82.2250 277.8990 15.30231945 47115
STARLINK-30961
1 58445U 23183J   25323.17429882 -.00000417  00000+0 -15841-4 0  9995
2 58445  43.0036 283.5055 0000644 244.0201 116.0575 15.02529430110096
STARLINK-34074
1 64099U 25110D   25322.88363839  .00040464  00000+0  13708-2 0  9997
2 64099  53.1584 181.7300 0001359  88.7965 271.3192 15.30202735 28910
STARLINK-3395
1 51130U 22005AC  25323.05881063  .00003010  00000+0  20717-3 0  9998
2 51130  53.2162  75.7589 0000954  79.6376 280.4724 15.08834404212029
STARLINK-34143
1 63896U 25095G   25323.02172704  .00037310  00000+0  13583-2 0  9996
2 63896  42.9991  81.1180 0001314 280.9226  79.1478 15.27584271 30860
STARLINK-5557
1 55770U 23028AF  25323.21081695  .00007549  00000+0  64053-3 0  9991
2 55770  69.9998 143.0461 0003402 256.5196 103.5585 14.98285448149989
STARLINK-11379 [DTC]
1 62089U 24220B   25323.27027775 -.00017690  00000+0 -13473-3 0  9992
2 62089  42.9998 348.9538 0001548 278.8398  81.2294 15.70826721 57581
STARLINK-35535
1 66342U 25253Z   25323.25002315  .00130693  00000+0  84261-3 0  9996
2 66342  42.9983 123.1073 0002249 258.9998 147.0769 15.74988026  3155
STARLINK-35159
1 65461U 25195D   25323.33336806  .00007174  00000+0  25415-3 0  9999
2 65461  53.1612  50.9918 0001696  81.7776 314.7422 15.30194346  5916
STARLINK-34116
1 63890U 25095A   25323.04099905  .00027408  00000+0  10018-2 0  9990
2 63890  43.0017  81.2692 0000632 294.8582  65.2204 15.27581502 30862
STARLINK-32828
1 63045U 25034S   25322.70362780  .00038930  00000+0  13186-2 0  9992
2 63045  53.1594  66.4727 0001767  75.2940 284.8257 15.30224996 41919
STARLINK-31746
1 59613U 24080N   25323.23083071  .00010419  00000+0  38727-3 0  9991
2 59613  43.0043 305.6522 0002386 273.0528  87.0050 15.27607258 87591
STARLINK-5307
1 55658U 23021AG  25322.79724249  .00000761  00000+0  71533-4 0  9991
2 55658  69.9991 103.9402 0003233 270.1590  89.9198 14.98328201152187
STARLINK-4255
1 53003U 22076T   25322.91023126 -.00000550  00000+0 -16448-4 0  9994
2 53003  53.2164 231.4263 0001460  98.4179 261.6979 15.08839118186126
STARLINK-30285
1 57840U 23141A   25323.02027648  .00001497  00000+0  62674-4 0  9998
2 57840  53.1614  78.1916 0000973  91.5970 268.5142 15.30197357123384
STARLINK-34763
1 65206U 25176J   25323.24783646  .00024802  00000+0  84692-3 0  9992
2 65206  53.1583 305.5553 0001164  95.6277 264.4857 15.30192138 16208
STARLINK-6132
1 57101U 23090A   25323.23476365  .00001187  00000+0  10287-3 0  9996
2 57101  43.0025 155.2145 0000973 283.0841  76.9892 15.02548637133793
STARLINK-30162
1 57446U 23105S   25322.74218682 -.00000204  00000+0 -37439-7 0  9999
2 57446  42.9983 131.5540 0001238 275.1543  84.9158 15.02542449129028
STARLINK-34374
1 64308U 25123T   25322.84969358  .00001486  00000+0  13229-3 0  9998
2 64308  69.9994 114.0035 0003334 270.7001  89.3776 14.98340577 25019
STARLINK-2388
1 47807U 21018W   25323.27283924 -.00000594  00000+0 -20992-4 0  9995
2 47807  53.0549 357.2932 0001052  84.3567 275.7542 15.06381259260365
STARLINK-34746
1 64847U 25152F   25323.13913973  .00006018  00000+0  42083-3 0  9999
2 64847  97.6017 176.5534 0003730  74.5517 285.6122 15.05652929 18788
STARLINK-2486
1 48143U 21027BD  25323.09361452 -.00002468  00000+0 -14691-3 0  9992
2 48143  53.0545 243.1978 0002246  75.2030 284.9207 15.06380192256650
STARLINK-33957
1 63897U 25095H   25323.05127885  .00032162  00000+0  11731-2 0  9993
2 63897  43.0027  81.3473 0001420 275.9648  84.1042 15.27582277 30856
STARLINK-5454
1 54774U 22175S   25323.26393139  .00003453  00000+0  23492-3 0  9992
2 54774  53.2145 164.5192 0001780  82.1490 277.9704 15.08842276163466
STARLINK-6202
1 56896U 23083W   25323.26762956 -.00001118  00000+0 -67667-4 0  9996
2 56896  43.0096 321.4702 0002132 276.9868  83.0732 15.02529218135176
STARLINK-11282 [DTC]
1 60992U 24158C   25322.83152703 -.00000587  00000+0  19028-7 0  9996
2 60992  53.1581 107.7210 0001699  97.7800 262.3411 15.69705353 70184
STARLINK-4564
1 53560U 22101AK  25322.94337175 -.00000005  00000+0  17751-4 0  9998
2 53560  53.2149 191.4628 0001335  93.5797 266.5348 15.08839505179722
STARLINK-30560
1 58038U 23156L   25323.03166805 -.00005200  00000+0 -16360-3 0  9992
2 58038  53.1586 229.5283 0000914  59.7239 300.3852 15.30194627119363
STARLINK-34443
1 64296U 25123F   25323.16663432  .00003600  00000+0  30926-3 0  9997
2 64296  69.9991 113.1086 0003345 269.4135  90.6641 14.98341320 26286
STARLINK-11086 [DTC]
1 60043U 24112F   25322.79847489  .00000745  00000+0  11006-4 0  9990
2 60043  53.1617  92.9705 0000920  61.9463 298.1648 15.69702736 83566
STARLINK-5203
1 54104U 22136BF  25323.01827350 -.00000567  00000+0 -17546-4 0  9995
2 54104  53.2175  75.4985 0001343  90.6236 269.4910 15.08842574170771
STARLINK-31197
1 58859U 24019G   25323.21657455  .00016554  00000+0  61039-3 0  9993
2 58859  42.9984 153.1026 0001524 274.1571  85.9106 15.27544829102188
STARLINK-31903
1 59845U 24097L   25322.89889851 -.00001799  00000+0 -55859-4 0  9996
2 59845  43.0014 173.0466 0000985 261.2771  98.7969 15.27581349 85051
STARLINK-30791
1 58177U 23167C   25322.91946420 -.00000511  00000+0 -22769-4 0  9994
2 58177  43.0053  27.7324 0000871 274.7440  85.3303 15.02533038114293
STARLINK-1695
1 46329U 20062E   25322.88626644 -.00000655  00000+0 -25060-4 0  9996
2 46329  53.0522 134.0347 0001139  87.7056 272.4063 15.06402072287886
STARLINK-35090
1 65698U 25212Y   25322.91923890  .00024445  00000+0  83445-3 0  9996
2 65698  53.1578 140.2234 0000961  93.4145 266.6965 15.30212370 10288
STARLINK-33717
1 63648U 25083Q   25322.88657308  .00041124  00000+0  14948-2 0  9993
2 63648  43.0027 270.7343 0001892 265.6755  94.3881 15.27598357 33121
STARLINK-34224
1 64251U 25119U   25323.00023737  .00028181  00000+0  10294-2 0  9990
2 64251  43.0009 211.9220 0001707 276.0494  84.0164 15.27588201 27247
STARLINK-31444
1 59236U 24049F   25321.47919047  .00000047  00000+0  11227-4 0  9995
2 59236  43.0030 347.7430 0001140 270.4784  89.5937 15.27578329 96019
STARLINK-4313
1 53064U 22077X   25323.25305495 -.00000220  00000+0 -11016-4 0  9992
2 53064  97.6022 142.3667 0001485  87.8016 272.3381 15.05642976184366
STARLINK-31694
1 60140U 24120F   25323.11830458  .00000948  00000+0  44131-4 0  9992
2 60140  53.1587 113.7715 0001301  96.5434 263.5715 15.30196883 79529
STARLINK-4728
1 53793U 22111W   25322.63604898 -.00001352  00000+0 -66904-4 0  9993
2 53793  53.2194  52.4581 0001542  78.9627 281.1538 15.08831819176926
STARLINK-31409
1 59299U 24056D   25323.18385028  .00000454  00000+0  26042-4 0  9991
2 59299  43.0030 127.8948 0001086 266.6876  93.3851 15.27571025 94457
STARLINK-11140 [DTC]
1 60039U 24112B   25323.07277081 -.00000220  00000+0  30423-5 0  9996
2 60039  53.1600  91.8483 0001268  73.9072 286.2085 15.69713674 83600
STARLINK-33728
1 63715U 25087U   25322.47276128  .00056436  00000+0  19064-2 0  9990
2 63715  53.1612  16.0133 0001593  53.6597 306.4551 15.30144961 32170
STARLINK-34373
1 64944U 25158N   25323.10651112  .00018558  00000+0  12863-2 0  9998
2 64944  97.5994 185.0435 0001151  72.2187 287.9165 15.05670399 18713
STARLINK-1642
1 46154U 20057AP  25323.33336806  .00145647  00000+0  24142-2 0  9992
2 46154  53.0487  59.8535 0004764 208.7236  12.5999 15.51157933  5878
STARLINK-1835
1 46782U 20074AV  25323.25835308  .00113448  00000+0  30941-2 0  9998
2 46782  53.0539  82.8544 0003875 329.6348  30.4429 15.36585194280237