STARLINK-33739
1 63572U 25076D   25323.03701942  .00033065  00000+0  12062-2 0  9993
2 63572  43.0011 226.9415 0002523 272.1879  87.8684 15.27566300 34903
STARLINK-4263
1 53010U 22076AA  25323.00956027 -.00000105  00000+0  11484-4 0  9998
2 53010  53.2171 230.7140 0001494  86.4414 273.6749 15.08838254186144
STARLINK-35079
1 65649U 25210AD  25322.81537595  .00042840  00000+0  14496-2 0  9990
2 65649  53.1567 102.2221 0000582  47.5877 312.5173 15.30214793 10752
STARLINK-32552
1 62174U 24225M   25323.03918388  .00004240  00000+0  36288-3 0  9999
2 62174  70.0003  83.3277 0003266 271.9808  88.0977 14.98332466 53300
STARLINK-34542
1 65890U 25224J   25323.25961532  .00066636  00000+0  22429-2 0  9998
2 65890  53.1585 164.5207 0001801  88.3765 271.7442 15.30184363  7962
STARLINK-30480
1 58069U 23158U   25322.87585839 -.00000476  00000+0 -77688-5 0  9993
2 58069  43.0008 150.6420 0001776 256.7633 103.3021 15.27579646118299
STARLINK-11253 [DTC]
1 60935U 24155M   25321.98428934 -.00002159  00000+0 -12982-4 0  9994
2 60935  53.1568 172.2196 0000940  92.4862 267.6264 15.69692901 70856
STARLINK-6111
1 57102U 23090B   25323.22921578 -.00001531  00000+0 -98276-4 0  9997
2 57102  43.0002 155.1725 0001434 274.3815  85.6863 15.02545554133799
STARLINK-3180
1 51137U 22005AK  25323.02937591 -.00000022  00000+0  16698-4 0  9995
2 51137  53.2165  75.8937 0001235  89.2940 270.8194 15.08840775212037
STARLINK-6323
1 56524U 23065X   25323.04326861 -.00000264  00000+0 -44284-5 0  9993
2 56524  43.0033  91.3053 0001639 270.3333  89.7321 15.02538808139988
STARLINK-2627
1 48687U 21044BB  25322.94986645 -.00001896  00000+0 -10852-3 0  9993
2 48687  53.0537 203.7519 0001863  85.3128 274.8074 15.06371792247781
STARLINK-5061
1 54847U 22177AD  25323.24490986  .00001019  00000+0  90468-4 0  9995
2 54847  43.0053 347.2672 0001097 262.8788  97.1929 15.02534517160641
STARLINK-34126
1 64083U 25107V   25323.09423053  .00028627  00000+0  10461-2 0  9995
2 64083  42.9988 106.3591 0000547 330.3147  29.7674 15.27568437 28110
STARLINK-35800
1 66291U 25247AC  25323.25002315 -.00089513  00000+0 -16186-2 0  9998
2 66291  53.1598 348.3669 0001150  78.2507 124.1167 15.49331605  4162
STARLINK-2033
1 47650U 21012AG  25322.95676205  .00001337  00000+0  10866-3 0  9999
2 47650  53.0538 188.7173 0002166  93.5255 266.5982 15.06389461263560
STARLINK-6074
1 56553U 23065BC  25323.09618065 -.00001324  00000+0 -82959-4 0  9998
2 56553  43.0035 103.8536 0001948 275.3570  84.7050 15.02531352139844
STARLINK-34907
1 65213U 25176R   25323.26683162  .00023824  00000+0  81418-3 0  9990
2 65213  53.1592 305.6721 0001696 126.6436 233.4721 15.30189070 16214
STARLINK-3616
1 51782U 22017Q   25322.86286657  .00000175  00000+0  29058-4 0  9997
2 51782  53.2161 126.7967 0001179  87.0790 273.0337 15.08843416205451
STARLINK-2377
1 47797U 21018L   25322.89547726 -.00006369  00000+0 -40894-3 0  9991
2 47797  53.0553  33.9929 0001633  89.9736 270.1440 15.06408037259825
STARLINK-33742
1 63366U 25063D   25322.99531495  .00016556  00000+0  56966-3 0  9996
2 63366  53.1596 206.4895 0001705  78.6249 281.4943 15.30211158 37769
STARLINK-5782
1 56034U 23042BA  25323.20196524  .00000225  00000+0  31698-4 0  9992
2 56034  43.0053 283.1524 0001518 274.3654  85.7015 15.02537617146448
STARLINK-4617
1 53675U 22105AD  25323.14368422  .00001615  00000+0  11614-3 0  9999
2 53675  97.6032 202.3264 0002262  90.8444 269.3042 15.05647654176671
STARLINK-34169
1 63999U 25101F   25322.90160043  .00022612  00000+0  82854-3 0  9994
2 63999  43.0002 263.4675 0001521 271.4319  88.6358 15.27586255 30115
STARLINK-34967
1 65177U 25175D   25323.21508362  .00008627  00000+0  60131-3 0  9994
2 65177  97.6012 193.7085 0002491  91.0444 269.1069 15.05651326 16019
STARLINK-6229
1 57093U 23088AX  25322.74660788  .00000900  00000+0  81715-4 0  9999
2 57093  43.0033 337.0670 0001303 269.0414  91.0279 15.02531233133839
STARLINK-30854
1 58244U 23171Q   25322.95407567 -.00001785  00000+0 -11709-3 0  9997
2 58244  43.0038 168.9188 0000878 262.4316  97.6427 15.02544867113058
STARLINK-2421
1 48098U 21027G   25323.23781216 -.00002710  00000+0 -16311-3 0  9992
2 48098  53.0551 297.4552 0001686  90.9435 269.1747 15.06392676255907
STARLINK-5882
1 55936U 23037Y   25322.97760757 -.00007280  00000+0 -60289-3 0  9991
2 55936  69.9994 183.4355 0001953 259.7755 100.3184 14.98337936147892
STARLINK-11186 [DTC]
1 60070U 24113M   25322.87808280 -.00000364  00000+0  18622-5 0  9996
2 60070  53.1592  17.7154 0001426  81.2778 278.8402 15.69706588 82568
STARLINK-5318
1 55304U 23010AM  25323.26686974 -.00004727  00000+0 -38818-3 0  9998
2 55304  69.9980 302.6759 0003390 267.9905  92.0866 14.98372068156736
STARLINK-3540
1 51719U 22016F   25322.85363948  .00004530  00000+0  30228-3 0  9993
2 51719  53.2160 106.7567 0000999 115.7695 244.3400 15.08866557206696
STARLINK-31503
1 59200U 24045Y   25322.53982379 -.00003151  00000+0 -10508-3 0  9999
2 59200  43.0032   0.1568 0000265 183.3326 176.7524 15.27572774 96160
STARLINK-34760
1 65359U 25190J   25323.27849328  .00032637  00000+0  11095-2 0  9991
2 65359  53.1601 320.8221 0001321  81.7883 278.3268 15.30191254 12387
STARLINK-1991
1 47587U 21009AR  25323.21768270  .00091325  00000+0  24565-2 0  9994
2 47587  53.0527 144.1927 0000854 130.2402 229.8675 15.37135149264338
STARLINK-5739
1 55571U 23020C   25323.05775427  .00000051  00000+0  18854-4 0  9997
2 55571  43.0049 246.1065 0001401 274.3993  85.6689 15.02536708152278
STARLINK-4308
1 53061U 22077U   25323.23686332  .00000659  00000+0  55851-4 0  9998
2 53061  97.6020 142.0853 0003021  56.5026 303.6487 15.01262487184341
STARLINK-31446
1 59315U 24056V   25322.89949546 -.00001593  00000+0 -48398-4 0  9993
2 59315  43.0018 136.1123 0001925 277.0689  82.9944 15.27568166 94213
STARLINK-30867
1 58231U 23171B   25323.26513143  .00000857  00000+0  78521-4 0  9999
2 58231  43.0021 166.1120 0001252 266.0747  93.9953 15.02538162113118
STARLINK-5609
1 55348U 23013T   25322.63363564 -.00000562  00000+0 -26497-4 0  9990
2 55348  43.0023 183.7827 0001246 260.7496  99.3205 15.02543184155004
STARLINK-5579
1 55746U 23028F   25322.95229375  .00002408  00000+0  20933-3 0  9991
2 55746  70.0001 163.6300 0003359 276.6836  83.3940 14.98361359149453
STARLINK-5815
1 55789U 23028BA  25323.17718068  .00000666  00000+0  63572-4 0  9996
2 55789  69.9982 123.0501 0003611 271.3350  88.7395 14.98337163150475
STARLINK-30851
1 58215U 23170K   25323.02439732  .00004422  00000+0  34227-3 0  9991
2 58215  43.0031  77.1483 0001720 263.5263  96.5383 15.02533982113637
STARLINK-2523
1 48306U 21036AG  25322.97518923  .00008247  00000+0  57213-3 0  9992
2 48306  53.0537 228.6346 0001305  89.3971 270.7168 15.06384873251489
STARLINK-5864
1 55940U 23037AC  25323.09048463 -.00000609  00000+0 -43263-4 0  9995
2 55940  69.9989 203.3086 0002925 269.3542  90.7281 14.98341606147412
STARLINK-34381
1 64282U 25120AC  25323.10456001  .00026463  00000+0  90171-3 0  9995
2 64282  53.1607 270.4501 0001203 124.3229 235.7886 15.30225762 26969
STARLINK-3318
1 50837U 22001AL  25323.24374451  .00010363  00000+0  66862-3 0  9996
2 50837  53.2170 304.9316 0001267  88.9871 271.1267 15.08820051213738
STARLINK-5035
1 53897U 22119M   25322.79706615  .00000762  00000+0  65948-4 0  9992
2 53897  53.2164 101.9298 0001088  95.9940 264.1176 15.08850438174942
STARLINK-33691
1 63462U 25070C   25323.27278995  .00022610  00000+0  82851-3 0  9996
2 63462  42.9977 163.0313 0000835 272.4781  87.5975 15.27584173 36042
STARLINK-33865
1 64247U 25119Q   25322.73483704  .00019973  00000+0  73337-3 0  9995
2 64247  42.9969 213.3666 0000706 275.0282  85.0489 15.27579245 27178
STARLINK-4414
1 53213U 22084AA  25323.16589545  .00000487  00000+0  42426-4 0  9998
2 53213  97.6024  21.9960 0003279  87.6271 272.5329 15.01258762183259
STARLINK-4350
1 53045U 22077C   25323.07860625 -.00000272  00000+0 -14646-4 0  9991
2 53045  97.6022 142.1867 0001700  80.5229 279.6190 15.05645640184348
STARLINK-31773
1 59429U 24065J   25323.05181309  .00013369  00000+0  46359-3 0  9999
2 59429  53.1601  77.4721 0001825  84.2095 275.9114 15.30135902 91962
STARLINK-32699
1 62482U 24254W   25322.91040915  .00011973  00000+0  44393-3 0  9998
2 62482  43.0096 285.2109 0002309 270.1249  89.9338 15.27578221 50524
STARLINK-1543
1 46053U 20055AC  25323.08899168 -.00000731  00000+0 -30179-4 0  9990
2 46053  53.0539 253.1194 0001397  83.4713 276.6435 15.06392570292369
STARLINK-1304
1 45376U 20019S   25323.26130632 -.00001306  00000+0 -68812-4 0  9995
2 45376  53.0543 302.3466 0001217  85.4663 274.6465 15.06389871313081
STARLINK-6149
1 57122U 23090X   25323.25463099 -.00000555  00000+0 -26037-4 0  9992
2 57122  43.0030 154.5028 0001147 254.6397 105.4319 15.02537208133804
STARLINK-35454
1 66236U 25245C   25323.25002315 -.02015220  00000+0 -31430-1 0  9999
2 66236  53.1599  80.6279 0000751  81.2371 323.7057 15.56330573  4160
STARLINK-30890
1 58362U 23177M   25322.80648087 -.00004664  00000+0 -33061-3 0  9996
2 58362  43.0031 234.3064 0001778 273.9931  86.0708 15.02516018111489
STARLINK-31970
1 59928U 24106G   25323.06506404 -.00002906  00000+0 -96122-4 0  9998
2 59928  43.0011 237.3209 0001450 286.6767  73.3925 15.27577525 83659
STARLINK-1541
1 46052U 20055AB  25323.08530491 -.00002155  00000+0 -12590-3 0  9998
2 46052  53.0539 253.1356 0001284  72.3611 287.7518 15.06379340292339
STARLINK-5448
1 54770U 22175N   25322.58319053  .00001060  00000+0  84643-4 0  9993
2 54770  53.2135 168.0791 0001632  70.1179 289.9988 15.08846741163358
STARLINK-1554
1 46055U 20055AE  25323.08159606  .00026015  00000+0  17564-2 0  9990
2 46055  53.0548 253.1551 0001502  98.4445 261.6714 15.06453954292362
STARLINK-33842
1 63782U 25091H   25322.87047623  .00026933  00000+0  98366-3 0  9991
2 63782  42.9954 318.3923 0001749 119.1773 240.9254 15.27613341 32048
STARLINK-32680
1 62423U 24249Q   25323.00320526  .00034942  00000+0  12729-2 0  9995
2 62423  42.9998 219.3367 0001246 275.7349  84.3360 15.27589257 50887
STARLINK-5846
1 56492U 23064AW  25323.27198629 -.00005356  00000+0 -44108-3 0  9990
2 56492  70.0006  22.8326 0002711 266.3793  93.7056 14.98358458139694
STARLINK-3314
1 50851U 22001BA  25323.22439946 -.00000105  00000+0  11469-4 0  9999
2 50851  53.2179 314.9411 0001292  97.6365 262.4774 15.08845137213595
STARLINK-5224
1 55397U 23014G   25323.26296197  .00000514  00000+0  50895-4 0  9996
2 55397  69.9992 323.0327 0003044 272.4034  87.6776 14.98336546156000
STARLINK-30188
1 57432U 23105C   25323.18737876  .00000128  00000+0  24532-4 0  9994
2 57432  43.0026 142.4777 0001718 268.2553  91.8092 15.02546184128903
STARLINK-34577
1 64719U 25142Z   25323.18266932  .00005633  00000+0  51006-3 0  9994
2 64719  70.0032 232.0331 0001840 274.7367  85.3581 14.95915897 22961
STARLINK-11663 [DTC]
1 63668U 25085E   25322.77118638  .00211266  00000+0  16035-2 0  9998
2 63668  43.0000 227.3180 0000614 242.1949 117.8857 15.70912765 32806
STARLINK-6296
1 56773U 23078G   25323.14497343  .00000598  00000+0  57893-4 0  9995
2 56773  69.9996 223.3466 0002827 271.1162  88.9673 14.98334434137109
STARLINK-35503
1 66245U 25245M   25323.25002315 -.02030652  00000+0 -31690-1 0  9993
2 66245  53.1600  80.5905 0000798  80.1012 342.0920 15.56338102  4270
STARLINK-5944
1 56001U 23042R   25323.21170509 -.00000399  00000+0 -14500-4 0  9999
2 56001  43.0036 296.2414 0000870 253.6600 106.4146 15.02532218146298
STARLINK-3922
1 52584U 22051BA  25322.99073182  .00006064  00000+0  39877-3 0  9999
2 52584  53.2167 256.0671 0001369  97.2174 262.8974 15.08838868194878
STARLINK-11154 [DTC]
1 61059U 24164K   25323.21112911 -.00001395  00000+0 -66616-5 0  9990
2 61059  53.1582 136.1328 0000662 239.7477 120.3475 15.69710958 68067
STARLINK-2568
1 48406U 21038BF  25323.12538395  .00001344  00000+0  10908-3 0  9999
2 48406  53.0518 117.9596 0001512  79.5594 280.5566 15.06398356250647
STARLINK-4422
1 53639U 22104BD  25322.50816101  .00003887  00000+0  26215-3 0  9995
2 53639  53.2176   3.0199 0001109 101.8126 258.2991 15.08838899179275
STARLINK-31228
1 58842U 24017S   25322.84247304  .00003525  00000+0  13109-3 0  9998
2 58842  53.1617 359.2921 0001551  74.7313 285.3859 15.30198446103083
STARLINK-1284
1 45390U 20019AG  25323.21891288 -.00002199  00000+0 -12880-3 0  9991
2 45390  53.0550 282.5421 0001265  97.4679 262.6454 15.06394683313350
STARLINK-32856
1 62819U 25018P   25323.33336806  .00066441  00000+0  22381-2 0  9997
2 62819  53.1577 102.1755 0001308  97.4666 222.9736 15.30161543  5888
STARLINK-31025
1 58634U 23203S   25322.71987331  .00000701  00000+0  34974-4 0  9997
2 58634  42.9993 333.4087 0000515 286.0585  74.0209 15.27575777107820
STARLINK-31019
1 58540U 23192K   25322.97000912  .00000761  00000+0  37828-4 0  9996
2 58540  53.1607 217.0264 0001181  89.9419 270.1717 15.30198815109038
STARLINK-30768
1 58120U 23162C   25321.89931978 -.00000480  00000+0 -20463-4 0  9999
2 58120  43.0041  20.5487 0001787 271.7325  88.3313 15.02531139115481
STARLINK-6126
1 56124U 23046AJ  25322.91508274 -.00017916  00000+0 -13115-2 0  9991
2 56124  43.0054  28.3153 0001372 256.5832 103.4858 15.02621735145542
STARLINK-3219
1 49724U 21115A   25323.16461882 -.00010864  00000+0 -66581-3 0  9996
2 49724  53.2166 285.5052 0001438  78.6795 281.4359 15.08824060218845
STARLINK-31677
1 59749U 24090V   25322.77214984 -.00002023  00000+0 -63997-4 0  9991
2 59749  42.9997  90.1605 0001889 260.6187  99.4451 15.27572763 86464
STARLINK-11447 [DTC]
1 62418U 24249K   25321.84057874  .00296091  00000+0  22261-2 0  9999
2 62418  42.9995 121.4879 0001525 294.8594  65.2115 15.70878816 51891
STARLINK-4139
1 52879U 22062BB  25323.22672397  .00005058  00000+0  33593-3 0  9999
2 52879  53.2142 150.0116 0002384 103.7757 256.3501 15.08811622189397
STARLINK-6208
1 56895U 23083V   25322.74024858 -.00000382  00000+0 -13214-4 0  9990
2 56895  43.0066 324.3961 0001004 264.1340  95.9388 15.02527448134982
STARLINK-30935
1 58455U 23183U   25323.19759187  .00000747  00000+0  70394-4 0  9990
2 58455  43.0041 283.6758 0003731 280.7071  79.3351 15.02543573110093
STARLINK-31442
1 59859U 24098B   25323.07402736  .00002521  00000+0  10111-3 0  9999
2 59859  42.9968 186.5949 0000757  57.7745 302.3180 15.27573788 84880
STARLINK-30984
1 58480U 23186H   25322.98281976  .00000036  00000+0  17759-4 0  9990
2 58480  43.0032 308.5390 0000694 292.5938  67.4831 15.02531022109206
STARLINK-33757
1 63720U 25087Z   25322.87835727  .00027227  00000+0  92787-3 0  9996
2 63720  53.1615  14.2752 0001461  91.1833 268.9336 15.30205529 32238
STARLINK-34694
1 66189U 25243N   25323.33336806 -.02022596  00000+0 -36113-1 0  9995
2 66189  53.1597  38.7666 0000724  86.1651 316.4503 15.52681662  4826
STARLINK-6166
1 56383U 23061K   25323.05686476  .00000112  00000+0  23337-4 0  9999
2 56383  43.0044  78.5201 0001396 267.3488  92.7194 15.02534252140110
STARLINK-5785
1 56031U 23042AX  25322.95270792 -.00000497  00000+0 -21736-4 0  9995
2 56031  43.0082 284.7233 0001752 276.9683  83.0960 15.02530258146401
STARLINK-34830
1 65405U 25192B   25322.90048327  .00045429  00000+0  11378-2 0  9991
2 65405  53.1599  33.9419 0001284  98.5696 261.5454 15.39651603 12336
STARLINK-11542 [DTC]
1 62988U 25031H   25323.23451685  .00322489  00000+0  24209-2 0  9999
2 62988  42.9965 306.9792 0000255 210.8154 149.2699 15.70834045 45342
STARLINK-3178
1 51467U 22010M   25322.98335966  .00002659  00000+0  18502-3 0  9991
2 51467  53.2192  56.1010 0000992  67.6645 292.4453 15.08846050209809
STARLINK-30817
1 58238U 23171J   25322.94939802 -.00002118  00000+0 -14173-3 0  9990
2 58238  43.0051 168.0306 0001040 272.5088  87.5636 15.02544274113062
STARLINK-31330
1 58951U 24027W   25323.21562537  .00002564  00000+0  98703-4 0  9996
2 58951  53.1612  99.9841 0001045 110.9644 249.1468 15.30188619100459
STARLINK-30348
1 57712U 23129Q   25321.47082631 -.00001270  00000+0 -78905-4 0  9997
2 57712  43.0082  10.0692 0001253 271.4240  88.6459 15.02546336123775
STARLINK-5280
1 54166U 22141K   25323.18716383  .00000270  00000+0  35021-4 0  9997
2 54166  53.2128 140.3135 0001512  81.5904 278.5260 15.08851429169175
STARLINK-35302
1 65845U 25221Y   25323.04485848  .00010338  00000+0  36116-3 0  9990
2 65845  53.1608 242.2381 0000968  99.9776 260.1334 15.30156275  7792
STARLINK-32373
1 60923U 24154W   25322.72845488  .00004419  00000+0  16134-3 0  9991
2 60923  53.1608  79.4363 0001472  85.7639 274.3530 15.30175587 69358
STARLINK-2356
1 47896U 21021AN  25322.70471997  .00005427  00000+0  38275-3 0  9993
2 47896  53.0554  64.8495 0001535  88.9374 271.1791 15.06420309259203
STARLINK-3823
1 52336U 22045F   25323.25842680  .00000408  00000+0  43706-4 0  9997
2 52336  53.2217 344.6611 0001847  95.5116 264.6087 15.08839131198979
STARLINK-5403
1 54862U 22177AU  25321.82542089  .00000389  00000+0  43856-4 0  9994
2 54862  43.0048   8.5495 0001241 277.1953  82.8749 15.02538981160275
STARLINK-32410
1 61887U 24204P   25323.14666043  .00000118  00000+0  16131-4 0  9992
2 61887  53.1622 280.4892 0001307  95.1277 264.9873 15.30192276 58172
STARLINK-3116
1 49146U 21082S   25323.05824419 -.00016335  00000+0 -13901-2 0  9990
2 49146  69.9989 193.8369 0003325 262.3629  97.7152 14.97606913231045
STARLINK-33652
1 63400U 25065B   25322.85206293  .00037618  00000+0  13695-2 0  9990
2 63400  43.0039  12.6117 0001748 264.1333  95.9320 15.27580821 35896
STARLINK-5312
1 55311U 23010AU  25323.22911606  .00000888  00000+0  82214-4 0  9997
2 55311  69.9987 283.0725 0002997 270.6853  89.3963 14.98325677158093
STARLINK-35580
1 66155U 25240K   25323.20388211  .00061558  00000+0  11051-2 0  9990
2 66155  53.1595 217.3454 0001414 108.0576 252.0587 15.49336798  5050
STARLINK-34511
1 65214U 25176S   25323.23528774  .00010685  00000+0  37239-3 0  9998
2 65214  53.1599 306.1882 0001113  86.9231 273.1897 15.30196354 16141
STARLINK-4693
1 53605U 22104T   25323.23864350  .00000734  00000+0  64224-4 0  9999
2 53605  53.2182  19.7306 0001341  90.2259 269.8887 15.08833690178944
STARLINK-1169
1 45061U 20006T   25322.70103851  .00009416  00000+0  64993-3 0  9996
2 45061  53.0552  64.8655 0001371  81.9848 278.1297 15.06414780319737
STARLINK-1404
1 45686U 20035AF  25322.93605611  .00055315  00000+0  37149-2 0  9998
2 45686  53.0532 193.8152 0002236  88.0397 272.0848 15.06284344302188
STARLINK-34521
1 64612U 25137U   25322.75781573  .00074903  00000+0  18605-2 0  9998
2 64612  53.1570 133.8473 0000976  97.1152 262.9964 15.39680701 23708
STARLINK-5030
1 55418U 23014AD  25323.28010568 -.00000781  00000+0 -57664-4 0  9997
2 55418  70.0007   2.8498 0002929 274.4481  85.6343 14.98341477155022
STARLINK-32609
1 61929U 24207T   25322.92781596  .00027207  00000+0  99413-3 0  9999
2 61929  42.9999 187.1646 0000659 245.1811 114.8972 15.27593946 57786
STARLINK-32831
1 62860U 25022G   25323.26102640  .00044448  00000+0  15038-2 0  9991
2 62860  53.1589 282.5006 0001313  94.9058 265.2093 15.30201129 44987
STARLINK-33781
1 63826U 25092Y   25322.67991596  .00043857  00000+0  15930-2 0  9995
2 63826  42.9988  79.7664 0002096 258.4936 101.5680 15.27594527 31686
STARLINK-34280
1 64594U 25137A   25323.17483215  .00057539  00000+0  14374-2 0  9991
2 64594  53.1532 132.1914 0001638  87.4679 272.6514 15.39624887 23767
STARLINK-30850
1 58247U 23171T   25322.90278147 -.00000982  00000+0 -57599-4 0  9991
2 58247  43.0023 167.6916 0001170 263.8107  96.2602 15.02538718113068
STARLINK-5038
1 56472U 23064AA  25323.23884642 -.00001078  00000+0 -82592-4 0  9998
2 56472  70.0005  42.9924 0003132 269.4427  90.6373 14.98320922139192
STARLINK-35385
1 65906U 25224AA  25323.00002315  .00062111  00000+0  20941-2 0  9995
2 65906  53.1603 165.3795 0001063  47.4101 130.6026 15.30163435  6105
STARLINK-30232
1 57303U 23096P   25323.33336806  .00140138  00000+0  38341-2 0  9992
2 57303  42.9938  75.4091 0028101 343.5685 209.9791 15.35728250  5872
STARLINK-34943
1 65366U 25190R   25323.25327910  .00040958  00000+0  13865-2 0  9997
2 65366  53.1616 321.3753 0001169  99.3781 260.7352 15.30219734 12371
STARLINK-32340
1 61008U 24158U   25323.01491813  .00001281  00000+0  55393-4 0  9997
2 61008  53.1590 219.7338 0001087  83.9173 276.1952 15.30189941 68636
STARLINK-6347
1 57359U 23099AH  25323.15027058 -.00000329  00000+0 -92618-5 0  9991
2 57359  43.0040 117.0094 0001257 272.2955  87.7743 15.02537839129631
STARLINK-3391
1 51117U 22005P   25322.70275569 -.00000190  00000+0  61735-5 0  9996
2 51117  53.2164  67.2487 0001416  79.7122 280.4030 15.08832586212123
STARLINK-33558
1 63643U 25083K   25322.88400429  .00039536  00000+0  14377-2 0  9998
2 63643  43.0001 270.7169 0001387 259.5604 100.5092 15.27598733 33120
STARLINK-35557
1 66237U 25245D   25323.25002315 -.02018579  00000+0 -31485-1 0  9990
2 66237  53.1601  80.6238 0000759  84.1412 322.7173 15.56333210  4323
STARLINK-34554
1 64687U 25139Z   25323.16138782  .00020708  00000+0  70966-3 0  9999
2 64687  53.1594 280.2933 0001227  81.6838 278.4302 15.30185856 23365
STARLINK-35036
1 65406U 25192C   25322.92834924  .00057010  00000+0  14238-2 0  9997
2 65406  53.1601  34.1190 0002685  78.4092 281.7214 15.39635315 12322
STARLINK-4337
1 53053U 22077L   25323.24797612  .00000670  00000+0  56730-4 0  9994
2 53053  97.6039 142.0972 0002311  75.3635 284.7846 15.01262546184344
STARLINK-11463 [DTC]
1 62066U 24217K   25323.09354605  .00145524  00000+0  11823-2 0  9990
2 62066  53.1582 256.4180 0001462  78.8572 281.2610 15.69766498 57803
STARLINK-33569
1 62769U 25015M   25322.84386413  .00042253  00000+0  14289-2 0  9995
2 62769  53.1544 117.0759 0003662  78.9723 281.1689 15.30234809 47514
STARLINK-1172
1 45074U 20006AG  25322.60704994  .00001153  00000+0  96320-4 0  9994
2 45074  53.0549  45.2882 0001338 110.4203 249.6930 15.06390783319999
STARLINK-35044
1 65536U 25200S   25323.18996630  .00008665  00000+0  60382-3 0  9997
2 65536  97.6074  30.8774 0002363  89.7396 270.4102 15.05660146 12503
STARLINK-31936
1 59875U 24098T   25322.96958979 -.00000101  00000+0  58559-5 0  9992
2 59875  43.0022 150.9456 0000864 272.8629  87.2124 15.27574642 85270
STARLINK-3908
1 52491U 22049AS  25322.94933377  .00000846  00000+0  71251-4 0  9994
2 52491  53.2164 186.2539 0001483  94.1719 265.9442 15.08840985195673
STARLINK-35431
1 66030U 25232AB  25323.10396826  .00055539  00000+0  13855-2 0  9999
2 66030  53.1620 258.3227 0000911  87.2847 272.8263 15.39682852  6498
STARLINK-34244
1 65351U 25190A   25323.24800704  .00027607  00000+0  94039-3 0  9996
2 65351  53.1602 321.3711 0001176  98.1320 261.9814 15.30212792 12843
STARLINK-2608
1 48365U 21038N   25323.18851038 -.00001653  00000+0 -92140-4 0  9995
2 48365  53.0527 132.6756 0001329  87.6868 272.4273 15.06396125250448
STARLINK-34110
1 63811U 25092H   25323.33336806  .00045584  00000+0  16930-2 0  9990
2 63811  43.0015  75.9626 0001743 249.8725 158.7513 15.26847064  5885
STARLINK-35575
1 66165U 25240V   25323.17004399  .00061019  00000+0  10959-2 0  9997
2 66165  53.1604 217.1267 0001522  87.5817 272.5367 15.49327426  5052
STARLINK-32201
1 61512U 24183D   25323.17886404 -.00000650  00000+0 -98141-5 0  9996
2 61512  53.1599 282.9135 0001238  86.5420 273.5722 15.30186821 62919
STARLINK-31919
1 59880U 24098Y   25322.91160386 -.00000202  00000+0  21615-5 0  9995
2 59880  42.9982 183.6471 0000942 253.3164 106.7584 15.27573598 84909
STARLINK-31193
1 58797U 24012L   25322.70768660 -.00001579  00000+0 -47876-4 0  9998
2 58797  43.0051  71.9326 0001425 257.4068 102.6624 15.27564931104260
STARLINK-5601
1 55744U 23028D   25322.98173948 -.00002233  00000+0 -17949-3 0  9997
2 55744  70.0055 163.7307 0002584 289.2179  70.8700 14.98317202149450
STARLINK-4272
1 52866U 22062AN  25322.57811277  .00000696  00000+0  61806-4 0  9996
2 52866  53.2130 162.9195 0001175 115.5553 244.5561 15.08849020189153
STARLINK-3521
1 51742U 22016AE  25322.82515478 -.00000008  00000+0  17550-4 0  9994
2 51742  53.2160  97.0029 0001002  91.8415 268.2692 15.08835528206824
STARLINK-34306
1 64259U 25120D   25323.13716747 -.00036147  00000+0 -12187-2 0  9990
2 64259  53.1596 269.9456 0000461  87.9701 272.1352 15.30082284 26947
STARLINK-2083
1 47676U 21012BJ  25322.73834466 -.00002339  00000+0 -13809-3 0  9993
2 47676  53.0551  79.6943 0001476  86.4763 273.6394 15.06422502265061
STARLINK-5542
1 57075U 23088AD  25322.31898900 -.00000367  00000+0 -12115-4 0  9998
2 57075  43.0036 339.8824 0000798 277.2272  82.8480 15.02532596133760
STARLINK-11370 [DTC]
1 61584U 24187L   25322.87929674  .00001219  00000+0  14904-4 0  9996
2 61584  53.1591 122.7014 0000296 314.5808  45.5186 15.69711148 63341
STARLINK-6050
1 56458U 23064L   25322.99707518  .00000463  00000+0  46601-4 0  9996
2 56458  70.0003  63.6230 0003328 268.3821  91.6956 14.98326756138667
STARLINK-3284
1 50178U 21125Y   25323.33336806  .00372876  00000+0  51700-2 0  9996
2 50178  53.2179  13.6691 0001266  63.5455 272.2704 15.55253137  5791
STARLINK-31986
1 60019U 24111D   25323.05382395 -.00001905  00000+0 -52169-4 0  9998
2 60019  53.1593 229.5900 0001327  95.0111 265.1041 15.30213536 82100
STARLINK-4018
1 52697U 22053AT  25323.16188631  .00002718  00000+0  18882-3 0  9997
2 52697  53.2165 285.2966 0001467  96.0143 264.1017 15.08840296194404
STARLINK-34415
1 64618U 25137AA  25322.86906977  .00052773  00000+0  13186-2 0  9993
2 64618  53.1575 133.1177 0000802  90.1599 269.9498 15.39655645 23729
STARLINK-34991
1 65446U 25194N   25323.12947485  .00007669  00000+0  53513-3 0  9998
2 65446  97.6030 175.4437 0002452  87.4392 272.7115 15.05649000 13019
STARLINK-31916
1 59795U 24093P   25323.10995958 -.00004043  00000+0 -13741-3 0  9995
2 59795  42.9998 113.3940 0001354 259.4263 100.6436 15.27592186 85787
STARLINK-34759
1 65096U 25167U   25322.87936981  .00037640  00000+0  12764-2 0  9993
2 65096  53.1587 181.4056 0000826  66.9596 293.1492 15.30203765 16514
STARLINK-33581
1 62784U 25015AC  25323.14838026  .00024113  00000+0  82417-3 0  9992
2 62784  53.1577 116.1250 0001689  88.7678 271.3516 15.30177063 47550
STARLINK-30377
1 57825U 23138T   25322.82554317  .00000664  00000+0  64266-4 0  9996
2 57825  43.0029 118.0929 0001495 262.5401  97.5272 15.02515331121930
STARLINK-5258
1 54195U 22141AQ  25323.18071956  .00000545  00000+0  52351-4 0  9999
2 54195  53.2150 130.2922 0001459  83.4559 276.6600 15.08840669169318
STARLINK-4701
1 53727U 22107AD  25322.93598684 -.00000520  00000+0 -14582-4 0  9994
2 53727  53.2188  31.3056 0001458  92.1336 267.9823 15.08840550177832
STARLINK-35492
1 65926U 25225S   25322.30650225  .00004408  00000+0  87323-4 0  9993
2 65926  53.1599 323.1231 0001251 108.6664 251.4481 15.49288247  7357
STARLINK-5745
1 55575U 23020G   25322.78407537  .00000755  00000+0  70925-4 0  9992
2 55575  43.0004 247.4885 0001083 268.7957  91.2761 15.02530512152237
STARLINK-5358
1 57143U 23090AU  25323.20838017 -.00000212  00000+0 -63376-6 0  9995
2 57143  43.0032 141.9941 0001357 267.1266  92.9421 15.02529963133757
STARLINK-5401
1 54870U 22177BC  25322.83357514 -.00000333  00000+0 -95745-5 0  9998
2 54870  43.0059   2.3405 0001763 263.4182  96.6459 15.02535735160433
STARLINK-4359
1 53226U 22084AP  25323.14736916 -.00000955  00000+0 -69836-4 0  9992
2 53226  97.6021  21.9879 0001695 212.5958 147.5162 15.01268804182736
STARLINK-5901
1 55999U 23042P   25322.95689286 -.00001802  00000+0 -11836-3 0  9999
2 55999  43.0066 297.7735 0001699 276.9534  83.1115 15.02536218146259
STARLINK-32168
1 60335U 24136G   25322.98746620 -.00012672  00000+0 -41672-3 0  9991
2 60335  53.1600 230.0046 0001767  82.8528 277.2674 15.30177025 72716
STARLINK-30999
1 58551U 23192W   25322.97853389  .00004265  00000+0  15607-3 0  9995
2 58551  53.1583 207.0191 0001399 106.0109 254.1046 15.30192693109179
STARLINK-5715
1 55613U 23020AW  25323.09875181  .00879770  43128-3  95513-3 0  9996
2 55613  42.9942 204.8385 0005136 230.8037 129.2389 16.09048459152750
STARLINK-31899
1 59850U 24097R   25322.89921819  .00011039  00000+0  41001-3 0  9992
2 59850  42.9998 179.9761 0001284 267.3591  92.7114 15.27584731 84973
STARLINK-32939
1 63149U 25043T   25323.18010867  .00026254  00000+0  96043-3 0  9996
2 63149  43.0022 280.1328 0001126 256.0974 103.9752 15.27571097 40468
STARLINK-3366
1 51104U 22005A   25322.98613151 -.00000128  00000+0  10050-4 0  9999
2 51104  53.2182  66.0881 0001150  88.3472 271.7652 15.08832766212160
STARLINK-30449
1 57903U 23146N   25322.94686304  .00000322  00000+0  38880-4 0  9991
2 57903  43.0025 194.5722 0000856 276.7526  83.3219 15.02532201119350
STARLINK-32277
1 60376U 24138X   25323.10146202  .00000418  00000+0  26233-4 0  9993
2 60376  53.1589 103.4414 0001158  89.2755 270.8379 15.30188251 73698
STARLINK-11391 [DTC]
1 62889U 25024L   25323.15241181  .00195289  00000+0  14882-2 0  9992
2 62889  43.0004 127.5851 0000803 301.5046  58.5743 15.70868313 46087
STARLINK-3955
1 52561U 22051AE  25323.14206135 -.00008047  00000+0 -48833-3 0  9995
2 52561  53.2171 270.3867 0001248  88.7904 271.3231 15.08822531194686
STARLINK-34223
1 64336U 25124V   25322.59563627  .00037748  00000+0  13751-2 0  9990
2 64336  43.0009  25.3339 0001299 284.4036  75.6671 15.27560150 24834
STARLINK-31948
1 59941U 24106V   25322.75786687 -.00000056  00000+0  75118-5 0  9997
2 59941  43.0078 235.7551 0001815 284.7519  75.3132 15.27595001 83592
STARLINK-32672
1 62195U 24229D   25321.95219957  .00035609  00000+0  12971-2 0  9996
2 62195  42.9995 181.6584 0001483 269.7144  90.3538 15.27585142 53472
STARLINK-34389
1 64351U 25126H   25323.27759797  .00002332  00000+0  20315-3 0  9996
2 64351  70.0002 312.8225 0003160 289.5802  70.5015 14.98330575 24141
STARLINK-30707
1 57949U 23148Q   25322.87038481  .00002385  00000+0  92636-4 0  9992
2 57949  53.1611 179.1516 0000399  64.2071 295.8971 15.30187011121455
STARLINK-4335
1 53215U 22084AC  25323.17275471  .00000696  00000+0  52445-4 0  9995
2 53215  97.6048  22.2897 0000981  95.0446 265.0893 15.05646849183270
STARLINK-5573
1 55750U 23028K   25322.96070066 -.00002341  00000+0 -18848-3 0  9998
2 55750  69.9975 163.6579 0003283 273.3438  86.7345 14.98320730149455
STARLINK-34533
1 64715U 25142V   25323.01782680  .00009720  00000+0  82154-3 0  9994
2 64715  70.0025 233.4760 0002574 259.9196 100.1673 14.98319891 22884
STARLINK-34322
1 64702U 25142G   25323.13018932  .00004909  00000+0  44560-3 0  9998
2 64702  70.0052 232.6487 0001462 255.9410 104.1585 14.95913706 23099
STARLINK-5346
1 56518U 23065R   25323.06324822  .00000416  00000+0  45896-4 0  9999
2 56518  43.0035  91.4502 0001416 271.1327  88.9353 15.02539435139981
STARLINK-5515
1 56884U 23083J   25323.29537713  .00000224  00000+0  31635-4 0  9998
2 56884  43.0064 321.6786 0001381 265.0860  94.9825 15.02537060135064
STARLINK-6167
1 57126U 23090AB  25323.25128144 -.00010595  00000+0 -76931-3 0  9997
2 57126  43.0029 154.4778 0000947 271.9395  88.1339 15.02589204133806
STARLINK-4699
1 53716U 22107S   25322.90651076 -.00001507  00000+0 -76597-4 0  9994
2 53716  53.2191  31.1214 0001409  87.6039 272.5115 15.08846032177683
STARLINK-31669
1 59515U 24073E   25323.02452771 -.00001414  00000+0 -41883-4 0  9993
2 59515  43.0001 222.7567 0000708 239.4558 120.6224 15.27580366 89251
STARLINK-11694 [DTC]
1 64243U 25119L   25322.95195445  .00221135  00000+0  16660-2 0  9997
2 64243  43.0008 157.0415 0002861 264.6595  95.3947 15.71057873 27823
STARLINK-1542
1 46073U 20055AY  25323.07610575 -.00000902  00000+0 -41713-4 0  9990
2 46073  53.0547 233.1817 0001569  77.6082 282.5083 15.06384420292635
STARLINK-31397
1 59540U 24074G   25323.07145802  .00006529  00000+0  24683-3 0  9999
2 59540  43.0035 248.5051 0001265 277.2837  82.7871 15.27546466 89090
STARLINK-33597
1 62763U 25015F   25323.15682375  .00038819  00000+0  13160-2 0  9990
2 62763  53.1591 116.1819 0001062  79.3572 280.7549 15.30199740 47554
STARLINK-6177
1 56880U 23083E   25323.30092894  .00000526  00000+0  54014-4 0  9993
2 56880  43.0062 321.7237 0001469 261.7342  98.3334 15.02537782135069
STARLINK-2180
1 47762U 21017AS  25323.26683737  .00005896  00000+0  41436-3 0  9992
2 47762  53.0554   2.3353 0001590 109.2976 250.8186 15.06403025260896
STARLINK-34880
1 65327U 25189E   25322.84200367  .00029786  00000+0  10133-2 0  9993
2 65327  53.1617   1.7611 0001838  84.1540 275.9671 15.30214826 14134
STARLINK-3595
1 51894U 22022AU  25323.18577432 -.00000736  00000+0 -28119-4 0  9999
2 51894  53.2133 135.1912 0001650  93.1329 266.9852 15.08838161206622
STARLINK-3961
1 52637U 22052AR  25322.65769694 -.00001096  00000+0 -50774-4 0  9994
2 52637  53.2196  37.5622 0001752  87.0418 273.0775 15.08833549195179
STARLINK-5441
1 54787U 22175AF  25322.94055295  .00000432  00000+0  45244-4 0  9992
2 54787  53.2163 181.0110 0001430  80.0218 280.0936 15.08842253163200
STARLINK-31250
1 58839U 24017P   25323.26388261  .00000768  00000+0  38072-4 0  9992
2 58839  53.1613 347.0038 0001477  74.2810 285.8354 15.30195408103241
STARLINK-31392
1 59530U 24073V   25322.78481668 -.00001051  00000+0 -28661-4 0  9995
2 59530  43.0060 224.3968 0002989 280.9834  79.0682 15.27576462 89210
STARLINK-33971
1 63932U 25098G   25322.90069827  .00003381  00000+0  29094-3 0  9993
2 63932  70.0019 193.9430 0003356 276.3996  83.6781 14.98339394 29973
STARLINK-5002
1 53922U 22119AN  25322.77219863  .00000454  00000+0  46591-4 0  9994
2 53922  53.2167  91.7949 0000968  64.7695 295.3398 15.08827931175080
STARLINK-5717
1 55618U 23020BB  25322.75437191 -.00001059  00000+0 -63293-4 0  9996
2 55618  43.0058 234.2946 0001489 253.6000 106.4678 15.02535210152380
STARLINK-32444
1 62073U 24217S   25323.26282025  .00026902  00000+0  91684-3 0  9995
2 62073  53.1635 346.8985 0002007  77.1557 282.9668 15.30210420 56513
STARLINK-35592
1 66136U 25237Y   25322.91353107  .00053682  00000+0  96596-3 0  9995
2 66136  53.1603 199.5938 0001239  80.2171 279.8978 15.49328512  5577
STARLINK-35741
1 66272U 25247H   25323.25002315 -.00088408  00000+0 -15983-2 0  9993
2 66272  53.1594 348.4478 0001181  78.2078  85.8244 15.49331102  4164
STARLINK-11389 [DTC]
1 62091U 24220D   25323.25965760  .00178365  00000+0  13620-2 0  9996
2 62091  42.9991 348.8651 0001168 227.1727 132.9043 15.70873928 57580
STARLINK-5132
1 54007U 22125AV  25323.24138436  .00000450  00000+0  46370-4 0  9996
2 54007  53.2188 349.5877 0001621  82.7946 277.3230 15.08838084172799
STARLINK-6158
1 56375U 23061B   25323.00814464 -.00000742  00000+0 -39898-4 0  9995
2 56375  43.0037  79.0199 0001247 274.7002  85.3698 15.02534708140106
STARLINK-30952
1 58405U 23180D   25323.22062292  .00001456  00000+0  12283-3 0  9990
2 58405  43.0017 296.6320 0000782 268.6870  91.3882 15.02535347110852
STARLINK-1271
1 45217U 20012AR  25323.25209448  .00004935  00000+0  35003-3 0  9997
2 45217  53.0519 162.3927 0001189  96.4627 263.6498 15.06391039318475
STARLINK-31907
1 59797U 24093R   25323.11252372 -.00003793  00000+0 -12843-3 0  9997
2 59797  43.0000 113.4140 0001326 272.2161  87.8539 15.27564405 85780
STARLINK-6352
1 56782U 23078R   25323.15772520 -.00000276  00000+0 -15359-4 0  9995
2 56782  70.0016 243.2755 0001913 261.0434  99.0509 14.98329388136610
STARLINK-34230
1 64137U 25111Q   25321.36596088  .00037757  00000+0  13735-2 0  9998
2 64137  42.9964 352.3245 0000209  79.0702 281.0173 15.27604584 28281
STARLINK-30432
1 57864U 23144A   25323.25665705 -.00005879  00000+0 -42043-3 0  9991
2 57864  43.0015 167.9708 0000326 334.2586  25.8240 15.02543051120959
STARLINK-4292
1 53175U 22083AV  25323.26718710  .00000364  00000+0  40973-4 0  9992
2 53175  53.2176 309.8247 0001182  78.0772 282.0352 15.08840370184543
STARLINK-33649
1 63416U 25065T   25322.87004097  .00023532  00000+0  86196-3 0  9994
2 63416  43.0070  12.6855 0002495 263.9596  96.0971 15.27578192 35897
STARLINK-32186
1 60412U 24141Q   25322.62500745  .00001894  00000+0  76074-4 0  9997
2 60412  53.1606  38.6488 0001195  76.1027 284.0106 15.30190777 72518
STARLINK-5861
1 55921U 23037H   25323.10323448  .00000643  00000+0  61664-4 0  9996
2 55921  70.0033 223.2293 0002623 300.0855  60.0044 14.98333428146925
STARLINK-6302
1 56396U 23061Y   25323.02283027 -.00000134  00000+0  51648-5 0  9997
2 56396  43.0034  66.1339 0001013 272.5003  87.5724 15.02535066135383
STARLINK-5840
1 57231U 23094P   25323.13353474  .00005384  00000+0  41310-3 0  9992
2 57231  43.0029 270.6965 0001298 251.3403 108.7299 15.02558943130496
STARLINK-5059
1 53912U 22119AC  25323.09234150 -.00001219  00000+0 -58535-4 0  9998
2 53912  53.2194  90.2487 0001076  91.8366 268.2750 15.08848661175137
STARLINK-31667
1 59609U 24080J   25323.22524465  .00012571  00000+0  46549-3 0  9994
2 59609  43.0018 297.8489 0001524 269.9659  90.1018 15.27585329 87687
STARLINK-32250
1 60425U 24144A   25322.83883963 -.00000309  00000+0  17171-5 0  9998
2 60425  53.1621  12.2929 0001612  55.8225 304.2928 15.30201180 71433
STARLINK-4364
1 53230U 22084AT  25323.14506095 -.00003474  00000+0 -23661-3 0  9994
2 53230  97.6022  22.2853 0000148 123.5082 236.6159 15.05664847182758
STARLINK-31699
1 59551U 24074T   25323.10727935  .00001318  00000+0  57424-4 0  9999
2 59551  43.0025 247.9089 0002584 288.7585  71.2986 15.27585081 89105
STARLINK-32311
1 62114U 24222A   25322.86946613  .00038956  00000+0  14141-2 0  9996
2 62114  42.9975  27.0573 0000864 291.7452  68.3307 15.27662549 56133
STARLINK-3184
1 51143U 22005AR  25323.06524592 -.00002055  00000+0 -11107-3 0  9997
2 51143  53.2169  85.7334 0000925  86.1559 273.9539 15.08849062211894
STARLINK-30461
1 57933U 23147W   25322.95658517  .00000270  00000+0  35062-4 0  9992
2 57933  43.0027 207.5109 0001048 275.9354  84.1369 15.02531626119932
STARLINK-1306
1 45362U 20019C   25323.33336806  .00219025  00000+0  13014-2 0  9998
2 45362  53.0437 260.3913 0006200  36.9001 321.0494 15.76822250  5988
STARLINK-32926
1 63025U 25032W   25323.05684564  .00023702  00000+0  86837-3 0  9999
2 63025  43.0007 240.5391 0001616 290.8046  69.2633 15.27568606 43708
STARLINK-32429
1 61682U 24193X   25323.06967768  .00001082  00000+0  48673-4 0  9998
2 61682  53.1617 244.5746 0001136  75.5423 284.5704 15.30179727 59597
STARLINK-11420 [DTC]
1 62591U 25008E   25322.67925050  .00317703  00000+0  23590-2 0  9997
2 62591  42.9983  75.4371 0004236 261.8106  98.2281 15.71107432 49831
STARLINK-4745
1 53844U 22114AC  25323.00589722  .00000394  00000+0  42851-4 0  9991
2 53844  53.2176  70.8921 0001240  87.1002 273.0132 15.08833667176269
STARLINK-4119
1 53026U 22076AS  25322.90841731 -.00001726  00000+0 -90424-4 0  9990
2 53026  53.2180 221.3294 0001604  88.9396 271.1780 15.08826380186264
STARLINK-4128
1 53249U 22086H   25323.28838309  .00001830  00000+0  13304-3 0  9992
2 53249  53.2175 329.7420 0001380  87.7573 272.3577 15.08847019184418
STARLINK-34181
1 64144U 25111X   25321.42363483  .00042618  00000+0  15477-2 0  9991
2 64144  43.0015 351.8978 0002212 256.9338 103.1267 15.27612995 28296
STARLINK-4170
1 53140U 22083J   25323.24142534  .00000152  00000+0  27659-4 0  9998
2 53140  53.2181 309.9409 0001571  99.7641 260.3528 15.08839014184546
STARLINK-3779
1 52281U 22041W   25323.05148756  .00000831  00000+0  70269-4 0  9997
2 52281  53.2162 245.7931 0001359  86.2382 273.8766 15.08839127197669
STARLINK-31166
1 58789U 24012C   25323.02947576  .00000672  00000+0  33949-4 0  9997
2 58789  43.0027  70.0469 0001187 271.7281  88.3434 15.27568462104311
STARLINK-33703
1 63418U 25065V   25322.57523721  .00036224  00000+0  13196-2 0  9994
2 63418  43.0000  14.7824 0001544 268.6023  91.4652 15.27576388 35847
STARLINK-1623
1 46129U 20057N   25322.98577710  .00000028  00000+0  20740-4 0  9990
2 46129  53.0562  53.5891 0001216  73.9255 286.1868 15.06397174289941
STARLINK-11616 [DTC]
1 63137U 25043F   25322.72349761  .00221466  00000+0  16802-2 0  9996
2 63137  43.0008 199.2601 0002567 279.6188  80.4390 15.70891170 42027
STARLINK-11487 [DTC]
1 62278U 24237M   25323.28920949  .00124569  00000+0  95710-3 0  9992
2 62278  42.9993   2.5587 0001011 248.9975 111.0785 15.70907668 55683
STARLINK-4716
1 53706U 22107G   25322.87435801 -.00001347  00000+0 -66520-4 0  9992
2 53706  53.2189  21.6500 0001666  99.2394 260.8787 15.08841582178129
STARLINK-3822
1 52287U 22041AC  25323.09837381  .00003367  00000+0  22958-3 0  9994
2 52287  53.2182 245.5869 0001567  98.8531 261.2638 15.08838163197670
STARLINK-5532
1 55760U 23028V   25323.25691033 -.00000657  00000+0 -47290-4 0  9997
2 55760  69.9981 162.6855 0002808 270.9203  89.1634 14.98334124149500
STARLINK-34690
1 64863U 25152X   25323.16404279  .00006783  00000+0  52087-3 0  9998
2 64863  97.6019 176.6751 0001522 349.4451  10.6741 15.02074090 18796
STARLINK-32506
1 62167U 24225E   25322.75547336  .00002549  00000+0  22134-3 0  9995
2 62167  70.0002  84.3409 0003509 269.6843  90.3914 14.98336745 53257
STARLINK-3925
1 52498U 22049AZ  25322.90608321  .00002098  00000+0  14980-3 0  9991
2 52498  53.2145 176.4486 0001244  95.0629 265.0505 15.08848357195803
STARLINK-30250
1 57527U 23115G   25323.06548083  .00000744  00000+0  70165-4 0  9994
2 57527  42.9993 245.8247 0000949 238.7836 121.2913 15.02532270126572
STARLINK-11366 [DTC]
1 61693U 24195G   25322.71520774  .00001287  00000+0  15482-4 0  9994
2 61693  53.1596 213.3390 0001442  59.0162 301.0998 15.69709211 61605
STARLINK-11652 [DTC]
1 63315U 25057J   25323.02770349  .00080392  00000+0  62353-3 0  9997
2 63315  42.9992 211.5369 0001768 266.7474  93.3191 15.70855998 39803
STARLINK-32590
1 63047U 25034U   25322.44497067  .00032759  00000+0  11123-2 0  9994
2 63047  53.1610  54.9286 0001284  83.0819 277.0328 15.30230368 42046
STARLINK-1719
1 46331U 20062G   25322.99969294  .00068268  00000+0  20427-2 0  9994
2 46331  53.0516 146.7577 0006261 167.6149 192.5007 15.33925487287722
STARLINK-3349
1 50813U 22001L   25323.18453776  .00039135  00000+0  15009-2 0  9995
2 50813  53.2118 276.4794 0007668  11.8173 348.3005 15.26123603214139
STARLINK-33858
1 63885U 25094X   25323.26740451 -.00040968  00000+0 -34484-2 0  9997
2 63885  69.9996 152.8408 0002963 272.3160  87.7660 14.98301010 30665
STARLINK-30886
1 58246U 23171S   25321.97541249  .00000955  00000+0  85726-4 0  9993
2 58246  43.0028 172.7708 0001152 266.7850  93.2861 15.02537420112922
STARLINK-30411
1 57828U 23138W   25322.83552803 -.00000071  00000+0  98636-5 0  9990
2 57828  43.0047 118.1470 0002092 268.4780  91.5823 15.02529792121970
STARLINK-32584
1 62179U 24225S   25323.05587596  .00002383  00000+0  20740-3 0  9991
2 62179  69.9999  83.3162 0002700 272.7509  87.3340 14.98336255 53304
STARLINK-35107
1 65464U 25195G   25322.67285839  .00059250  00000+0  14779-2 0  9999
2 65464  53.1601  54.0549 0001473  84.7546 275.3627 15.39656971 12994
STARLINK-34424
1 64295U 25123E   25323.13326550  .00004127  00000+0  35341-3 0  9991
2 64295  69.9993 113.3839 0003004 272.0884  87.9931 14.98334146 26276
STARLINK-31768
1 59616U 24080R   25321.95815819 -.00022902  00000+0 -82353-3 0  9990
2 59616  43.0018 309.0137 0001163 353.4207   6.6629 15.27649182 87440
STARLINK-35438
1 66347U 25253AE  25323.25002315  .00067400  00000+0  43859-3 0  9994
2 66347  42.9981 123.0826 0002114 279.9884 135.6570 15.75026570  3152
STARLINK-31781
1 59632U 24082B   25322.54737267 -.00000375  00000+0 -41262-5 0  9992
2 59632  43.0007  33.3713 0000288 270.5298  89.5520 15.27561674 88012
STARLINK-1666
1 46357U 20062AJ  25323.18114533 -.00001052  00000+0 -51758-4 0  9995
2 46357  53.0535 132.7087 0001568  98.2745 261.8422 15.06396705287937
STARLINK-4610
1 53610U 22104Y   25322.87255941  .00000148  00000+0  27400-4 0  9998
2 53610  53.2191  11.7194 0001534  96.3960 263.7206 15.08840445178907
STARLINK-34376
1 64300U 25123K   25323.12491718  .00002753  00000+0  23837-3 0  9996
2 64300  69.9983 113.3656 0003106 272.4820  87.5983 14.98335434 25055
STARLINK-11682 [DTC]
1 64234U 25119B   25323.02084851  .00189171  00000+0  14399-2 0  9994
2 64234  42.9995 156.7061 0002713 291.9392  68.1187 15.70913477 27838
STARLINK-34960
1 65219U 25176X   25323.23939445  .00033166  00000+0  11270-2 0  9999
2 65219  53.1583 305.5001 0000927  87.9868 272.1239 15.30196065 16210
STARLINK-31491
1 59011U 24036P   25323.01864595  .00002621  00000+0  10066-3 0  9990
2 59011  53.1606 232.5634 0001243  88.1955 271.9188 15.30179082 98379
STARLINK-34101
1 63812U 25092J   25323.01955451  .00027895  00000+0  10195-2 0  9991
2 63812  42.9995  77.1562 0000982 283.3903  76.6839 15.27574432 31637
STARLINK-11622 [DTC]
1 63187U 25048E   25322.97110475  .00101235  00000+0  78179-3 0  9998
2 63187  42.9999 267.6624 0001160 256.9828 103.0910 15.70872925 41106
STARLINK-30137
1 56843U 23079W   25321.47107518 -.00001917  00000+0 -12685-3 0  9997
2 56843  43.0058 357.0545 0001285 292.8862  67.1845 15.02548378136004
STARLINK-30878
1 58359U 23177J   25323.03797522 -.00005533  00000+0 -39447-3 0  9997
2 58359  43.0045 232.6010 0001173 258.3286 101.7424 15.02568556111575
STARLINK-34728
1 65455U 25194X   25323.16546657  .00007969  00000+0  55584-3 0  9991
2 65455  97.6011 175.3962 0001911  81.5003 278.6440 15.05650343 13011
STARLINK-2363
1 47903U 21021AV  25322.63051968  .00013101  00000+0  89637-3 0  9992
2 47903  53.0555  40.1726 0000959  81.3646 278.7451 15.06416796259936
STARLINK-31777
1 59619U 24080U   25322.23977434 -.00000035  00000+0  82753-5 0  9995
2 59619  43.0040 311.1393 0001789 271.1590  88.9057 15.27569930 87441
STARLINK-34435
1 64602U 25137J   25323.20259559  .00055462  00000+0  13859-2 0  9997
2 64602  53.1580 131.6487 0001443  88.2503 271.8667 15.39632827 23772
STARLINK-35117
1 65632U 25210L   25323.09140928  .00036431  00000+0  12362-2 0  9992
2 65632  53.1578 101.1061 0001486  71.6659 288.4504 15.30198553 10794
STARLINK-11590 [DTC]
1 63112U 25039J   25322.69314617  .00201293  00000+0  15259-2 0  9993
2 63112  42.9996 186.3367 0002115 241.0225 119.0430 15.70973538 42151
STARLINK-30962
1 58458U 23183X   25323.15764887 -.00000421  00000+0 -16087-4 0  9992
2 58458  43.0043 283.3842 0001200 255.5272 104.5437 15.02532210110093
STARLINK-30575
1 58052U 23158B   25322.91538051 -.00004600  00000+0 -32549-3 0  9992
2 58052  42.9974 272.6222 0001217 304.1272  55.9455 15.02554998116863
STARLINK-35450
1 65868U 25223Q   25322.67714719  .00058767  00000+0  14663-2 0  9997
2 65868  53.1616  90.9121 0000962  26.4019 333.7034 15.39651521  7196
STARLINK-32267
1 60363U 24138J   25323.10462748 -.00002610  00000+0 -76113-4 0  9995
2 60363  53.1581 103.4646 0000275 116.2019 243.9010 15.30174060 73692
STARLINK-34295
1 64455U 25130T   25323.06810780  .00032913  00000+0  11188-2 0  9998
2 64455  53.1594 242.5596 0001011  92.0167 268.0950 15.30188806 23762
STARLINK-3994
1 52633U 22052AM  25323.01004791  .00000159  00000+0  28070-4 0  9992
2 52633  53.2186  45.9805 0001284 119.0160 241.0961 15.08834162194296
STARLINK-34254
1 64136U 25111P   25321.79154525  .00036851  00000+0  13400-2 0  9993
2 64136  43.0034 349.5009 0001743 282.2946  77.7710 15.27627649 28350
STARLINK-6141
1 57112U 23090M   25323.21922092  .00001890  00000+0  15493-3 0  9994
2 57112  43.0048 155.0999 0001391 261.6816  98.3869 15.02534103133799
STARLINK-34629
1 64790U 25150A   25322.67224342  .00064185  00000+0  14566-2 0  9990
2 64790  70.0018  58.9317 0002678 271.2594  88.8282 15.42719589 19771
STARLINK-5597
1 55403U 23014N   25323.25483584 -.00000137  00000+0 -36849-5 0  9998
2 55403  69.9994 342.8914 0003252 267.5994  92.4793 14.98328102155519
STARLINK-34400
1 64463U 25130AB  25323.08868441  .00026610  00000+0  90692-3 0  9991
2 64463  53.1598 244.8148 0001056  69.9572 290.1542 15.30215140 23737
STARLINK-11161 [DTC]
1 60124U 24118M   25322.93931923 -.00003893  00000+0 -27270-4 0  9998
2 60124  53.1583  47.5910 0000898 107.3882 252.7235 15.69728230 80591
STARLINK-3528
1 51714U 22016A   25323.12324298 -.00000221  00000+0  42317-5 0  9992
2 51714  53.2146 105.4494 0001419  86.9561 273.1593 15.08835240206732
STARLINK-4179
1 53275U 22086AK  25323.26994685  .00001044  00000+0  83675-4 0  9995
2 53275  53.2187 319.8121 0001447 109.7846 250.3302 15.08837297184521
STARLINK-2763
1 48670U 21044AJ  25323.22767622  .00016380  00000+0  11164-2 0  9997
2 48670  53.0543 247.5019 0001182 106.2898 253.8221 15.06385127247195
STARLINK-30353
1 58113U 23161S   25323.27478902  .00001590  00000+0  65815-4 0  9998
2 58113  53.1602 318.6091 0001279  86.0077 274.1070 15.30195898117517
STARLINK-34983
1 65411U 25192H   25322.89583113  .00057909  00000+0  14479-2 0  9994
2 65411  53.1596  33.9115 0001152  67.5481 292.5645 15.39595209 12329
STARLINK-34288
1 64673U 25139K   25323.16877484  .00026851  00000+0  91559-3 0  9999
2 64673  53.1596 280.3453 0001346  66.8827 293.2315 15.30193826 23360
STARLINK-5386
1 54834U 22177Q   25322.84774809 -.00000733  00000+0 -39217-4 0  9994
2 54834  43.0044  15.4563 0001278 265.3780  94.6917 15.02539203160298
STARLINK-5495
1 55635U 23021H   25322.81811826 -.00000347  00000+0 -21258-4 0  9998
2 55635  69.9993 104.0182 0003063 272.4220  87.6589 14.98334518152184
STARLINK-1500
1 45744U 20038Q   25323.26998705  .00019088  00000+0  68686-3 0  9990
2 45744  53.0417 348.2240 0001305 310.4585  49.6299 15.28642182299899
STARLINK-31648
1 59266U 24050N   25323.26960605  .00000085  00000+0  15013-4 0  9994
2 59266  53.1603 333.8215 0001343  91.7755 268.3400 15.30184758 93645
STARLINK-11373 [DTC]
1 61582U 24187J   25322.88911348 -.00000624  00000+0 -29625-6 0  9993
2 61582  53.1598 122.7674 0000533  76.7425 283.3652 15.69709239 63342
STARLINK-30456
1 57943U 23148J   25322.94203334  .00000747  00000+0  37363-4 0  9991
2 57943  53.1586 178.8889 0001432  86.0328 274.0836 15.30190333121466
STARLINK-1958
1 47559U 21009M   25323.19325998  .00086232  00000+0  22189-2 0  9997
2 47559  53.0542 133.9553 0000818  54.1123 305.9956 15.38531249264474
STARLINK-35095
1 65425U 25192X   25322.62656351  .00047776  00000+0  11961-2 0  9999
2 65425  53.1602  35.0700 0001285  64.3193 295.7945 15.39639799 12283
STARLINK-5751
1 55576U 23020H   25323.02386411  .00001138  00000+0  99283-4 0  9992
2 55576  43.0034 219.8657 0001183 278.7790  81.2918 15.02536104152571
STARLINK-33831
1 63595U 25076AC  25323.00358460  .00020879  00000+0  76579-3 0  9991
2 63595  43.0017 226.6230 0001723 277.0863  82.9792 15.27593556 34903
STARLINK-1805
1 46705U 20073AM  25322.60059027  .00015120  00000+0  10312-2 0  9994
2 46705  53.0550  35.3165 0001280  98.1249 261.9885 15.06422674280173
STARLINK-34137
1 63953U 25099B   25322.71533272  .00041939  00000+0  15259-2 0  9994
2 63953  43.0018  82.9983 0002742 246.9284 113.1279 15.27556529 30366
STARLINK-3606
1 51807U 22017AR  25323.15080879  .00000652  00000+0  59026-4 0  9994
2 51807  53.2160 115.3480 0001256  96.0075 264.1060 15.08834322207423
STARLINK-30073
1 56840U 23079T   25323.33336806  .00135490  00000+0  66342-3 0  9996
2 56840  42.9780 225.7533 0002441 256.3142 108.1708 15.81103600  5988
STARLINK-5053
1 53913U 22119AD  25323.05926642 -.00000276  00000+0  72145-6 0  9995
2 53913  53.2185  90.7437 0001093  75.1624 284.9489 15.08837690175122
STARLINK-3811
1 52383U 22045BE  25323.26488957  .00000819  00000+0  69556-4 0  9990
2 52383  53.2165 314.8639 0001304  86.0903 274.0238 15.08841989199393
STARLINK-35708
1 66277U 25247N   25323.25002315 -.00059613  00000+0 -10716-2 0  9993
2 66277  53.1598 348.4278 0001208  72.3367 101.2752 15.49318545  4160
STARLINK-30487
1 57924U 23147M   25322.76047223 -.00000177  00000+0  19546-5 0  9994
2 57924  43.0025 208.5967 0001147 268.4826  91.5885 15.02541667119935
STARLINK-30579
1 58061U 23158L   25323.07547754  .00000649  00000+0  63143-4 0  9992
2 58061  43.0035 245.9353 0001395 267.7528  92.3155 15.02529256117183
STARLINK-31299
1 59080U 24041G   25322.79299918  .00067742  00000+0  23601-2 0  9990
2 59080  42.9938 119.0654 0003348 282.7014  77.3463 15.28783127 98479
STARLINK-4687
1 53784U 22111M   25322.98935413  .00000140  00000+0  26865-4 0  9995
2 53784  53.2166  51.1116 0001373  90.4482 269.6668 15.08834155176982
STARLINK-6223
1 57057U 23088K   25321.82451963  .00000282  00000+0  35951-4 0  9994
2 57057  43.0042 355.1832 0002239 258.9329 101.1262 15.02533148133541
STARLINK-32613
1 61970U 24210M   25323.03929001  .00031037  00000+0  11328-2 0  9991
2 61970  42.9979  85.0420 0000655 299.5771  60.5016 15.27576670 57994
STARLINK-32922
1 62926U 25027V   25322.55325709  .00035457  00000+0  12911-2 0  9990
2 62926  43.0034  36.6622 0005658 234.9629 125.0692 15.27586463 44544
STARLINK-31359
1 58945U 24027Q   25323.02075574  .00007745  00000+0  27343-3 0  9995
2 58945  53.1591  65.2327 0001324  90.6024 269.5128 15.30190881100935
STARLINK-32328
1 62489U 25003C   25322.69747040  .00023725  00000+0  86859-3 0  9997
2 62489  43.0025 196.0646 0001971 267.7488  92.3138 15.27591388 49690
STARLINK-30996
1 59023U 24038A   25323.22492349  .00002377  00000+0  95844-4 0  9998
2 59023  43.0036 290.9002 0001773 270.1015  89.9633 15.27587091 99239
STARLINK-3572
1 51879U 22022AD  25322.89504907 -.00000002  00000+0  17989-4 0  9994
2 51879  53.2142 136.4976 0001592  74.3029 285.8139 15.08844140206523
STARLINK-3549
1 51891U 22022AR  25323.18946686 -.00000711  00000+0 -26587-4 0  9997
2 51891  53.2159 135.1730 0001133  87.9023 272.2099 15.08826367206610
STARLINK-6247
1 57086U 23088AQ  25323.30505679  .00000310  00000+0  38033-4 0  9991
2 57086  43.0056 334.3819 0000721 262.2327  97.8434 15.02534990133911
STARLINK-3240
1 49728U 21115E   25323.14528685 -.00000189  00000+0  62231-5 0  9991
2 49728  53.2180 295.3740 0001469  93.3741 266.7420 15.08838907218702
STARLINK-35390
1 65796U 25218F   25323.18268397  .00009756  00000+0  67932-3 0  9996
2 65796  97.6017 184.0572 0003917  73.2621 286.9035 15.05650605  8344
STARLINK-32867
1 62855U 25022B   25323.17143929  .00031807  00000+0  10810-2 0  9998
2 62855  53.1609 282.6418 0001429  53.9845 306.1288 15.30212107 44988
STARLINK-32953
1 63561U 25075P   25322.65225512  .00027228  00000+0  99474-3 0  9998
2 63561  43.0024 177.8885 0001039 243.6011 116.4734 15.27599446 34948
STARLINK-30361
1 57743U 23131M   25322.59762843 -.00001418  00000+0 -89913-4 0  9993
2 57743  43.0024  55.3803 0001509 271.4161  88.6508 15.02528664123215
STARLINK-31627
1 59268U 24050Q   25323.30546311  .00028139  00000+0  95876-3 0  9999
2 59268  53.1609 334.0413 0001279  94.7844 265.3303 15.30194077 93640
STARLINK-5023
1 53919U 22119AK  25322.78325216 -.00001751  00000+0 -91934-4 0  9995
2 53919  53.2156  91.8647 0001244  82.7819 277.3315 15.08841331175085
STARLINK-5646
1 55461U 23015N   25322.94887133  .00000101  00000+0  22538-4 0  9994
2 55461  43.0032 207.9037 0001600 270.5119  89.5540 15.02531748154091
STARLINK-34164
1 64177U 25113H   25323.05607313  .00029397  00000+0  10011-2 0  9991
2 64177  53.1621 245.2294 0001164  71.8707 288.2420 15.30189945 28129
STARLINK-5345
1 56517U 23065Q   25323.05769874 -.00000665  00000+0 -34175-4 0  9993
2 56517  43.0047  91.4116 0001627 268.5303  91.5353 15.02540120139985
STARLINK-35167
1 65736U 25216C   25322.93692647  .00041084  00000+0  10300-2 0  9995
2 65736  53.1548 127.5576 0002748  69.7546 290.3754 15.39662569  9580
STARLINK-2266
1 47997U 21024W   25323.04705354  .00001186  00000+0  98458-4 0  9991
2 47997  53.0538  88.3109 0000753  97.2372 262.8703 15.06405207258234
STARLINK-4786
1 55393U 23014C   25323.30487878  .00002683  00000+0  23241-3 0  9998
2 55393  70.0002 342.6756 0002902 266.3541  93.7287 14.98355847155527
STARLINK-4725
1 53700U 22107A   25322.90006182 -.00001409  00000+0 -70458-4 0  9990
2 53700  53.2190  21.0986 0001411 105.1649 254.9499 15.08842277178132
STARLINK-3583
1 51876U 22022AA  25323.25109791 -.00001993  00000+0 -10723-3 0  9993
2 51876  53.2165 144.8980 0001314  66.1876 293.9254 15.08827908206446
STARLINK-35069
1 66268U 25247D   25323.25002315 -.00062264  00000+0 -11200-2 0  9998
2 66268  53.1594 348.4599 0001219  72.1201  86.1610 15.49318936  4066
STARLINK-35256
1 66011U 25232G   25323.14542895  .00039746  00000+0  99885-3 0  9991
2 66011  53.1617 258.5909 0001576  60.6924 299.4238 15.39607493  6496
STARLINK-2495
1 48325U 21036BB  25323.03324599  .00000771  00000+0  70710-4 0  9997
2 48325  53.0536 238.3715 0001512  81.5094 278.6066 15.06379567251351
STARLINK-35215
1 65813U 25218Y   25323.16328848 -.00003367  00000+0 -22932-3 0  9997
2 65813  97.6038 184.0843 0002487  96.2027 263.9483 15.05635162  8347
STARLINK-31325
1 59165U 24044P   25322.57646930 -.00001637  00000+0 -50021-4 0  9994
2 59165  43.0006  14.4208 0000342 326.8140  33.2690 15.27551480 96571
STARLINK-34021
1 63940U 25098Q   25322.97580721  .00005341  00000+0  45502-3 0  9990
2 63940  70.0011 193.7940 0002486 265.0039  95.0836 14.98331996 29961
STARLINK-4031
1 52679U 22053Z   25323.19266586  .00000598  00000+0  55641-4 0  9995
2 52679  53.2173 280.1604 0001687  86.1263 273.9922 15.08840541194454
STARLINK-11638 [DTC]
1 63269U 25053E   25323.33336806  .00020406  00000+0  16212-3 0  9994
2 63269  43.0007  57.1630 0001370 277.8817 173.3719 15.70842578  5952
STARLINK-32048
1 60156U 24120X   25322.83699029 -.00001466  00000+0 -37383-4 0  9993
2 60156  53.1584 114.8561 0000898  85.5925 274.5178 15.30195803 79400
STARLINK-3896
1 52456U 22049F   25322.94477034  .00000511  00000+0  50203-4 0  9991
2 52456  53.2157 206.2734 0001531  95.6545 264.4621 15.08841969195398
STARLINK-11165 [DTC]
1 60063U 24113E   25322.59395302 -.00006690  00000+0 -50302-4 0  9992
2 60063  53.1596  18.7805 0001220  73.5717 286.5435 15.69757779 82118
STARLINK-3277
1 50182U 21125AC  25322.89411101 -.00001704  00000+0 -88973-4 0  9998
2 50182  53.2191  26.3451 0001303  89.0696 271.0445 15.08842832219911
STARLINK-32948
1 63123U 25039V   25323.16395996  .00015071  00000+0  55569-3 0  9993
2 63123  42.9988 276.9418 0001379 289.0137  71.0565 15.27602398 41163
STARLINK-30947
1 58473U 23186A   25323.24217952  .00006906  00000+0  52575-3 0  9991
2 58473  43.0029 307.9109 0001198 271.9199  88.1506 15.02537839109239
STARLINK-30792
1 58220U 23170Q   25322.74182000  .00005203  00000+0  39985-3 0  9992
2 58220  43.0067  78.4654 0001046 276.9453  83.1270 15.02543776113590
STARLINK-1700
1 46549U 20070T   25323.33336806  .00238342  00000+0  26415-2 0  9995
2 46549  53.0409 259.1220 0005750  58.1239 320.3229 15.61661842  5902
STARLINK-30066
1 56704U 23067S   25322.94103265 -.00002170  00000+0 -14561-3 0  9995
2 56704  43.0039 155.9582 0000887 262.4825  97.5917 15.02542147139002
STARLINK-11527 [DTC]
1 62523U 25004N   25323.19682567  .00035876  00000+0  28196-3 0  9995
2 62523  43.0011  16.4926 0001771 260.5119  99.5548 15.70832107 49835
STARLINK-34549
1 65017U 25161C   25322.71360105  .00034590  00000+0  11737-2 0  9992
2 65017  53.1585  89.3390 0001633  83.6436 276.4751 15.30223348 18454
STARLINK-35016
1 65341U 25189U   25322.51015160  .00026840  00000+0  91497-3 0  9999
2 65341  53.1613   3.2344 0001387  97.2684 262.8474 15.30203307 14036
STARLINK-4526
1 53438U 22097BC  25323.10063200  .00008691  00000+0  56346-3 0  9990
2 53438  53.2158 240.2186 0001317  87.0118 273.1025 15.08840131182102
STARLINK-30711
1 57940U 23148F   25322.88303915  .00002210  00000+0  86724-4 0  9999
2 57940  53.1593 179.1590 0001324  88.6259 271.4893 15.30194998121459
STARLINK-11602 [DTC]
1 63183U 25048A   25322.90221325  .00244381  00000+0  18488-2 0  9990
2 63183  42.9988 268.0020 0001740 271.3888  88.6780 15.70888863 40713
STARLINK-34655
1 65027U 25161N   25323.23409960  .00051157  00000+0  17257-2 0  9995
2 65027  53.1580  87.6084 0001312  57.2731 302.8396 15.30233826 18417
STARLINK-5335
1 56508U 23065F   25323.08322687 -.00000847  00000+0 -47635-4 0  9990
2 56508  43.0042  91.6060 0001334 273.2403  86.8287 15.02538755139983
STARLINK-32951
1 63562U 25075Q   25322.64839700  .00032203  00000+0  11743-2 0  9999
2 63562  43.0002 177.8354 0001432 265.9298  94.1390 15.27590304 34952
STARLINK-34564
1 64852U 25152L   25323.14466984  .00008084  00000+0  56380-3 0  9991
2 64852  97.6020 176.5433 0001934  80.9263 279.2183 15.05650232 18780
STARLINK-31213
1 58860U 24019H   25323.25625599 -.00000886  00000+0 -22682-4 0  9998
2 58860  43.0033 152.5436 0001169 264.0877  95.9841 15.27585973102190
STARLINK-35023
1 65279U 25184G   25323.13062531  .00006463  00000+0  45161-3 0  9993
2 65279  97.6049  13.6584 0001296  85.7495 274.3879 15.05656130 14668
STARLINK-34758
1 64945U 25158P   25323.21726297  .00009453  00000+0  65835-3 0  9990
2 64945  97.6039 185.2071 0002109  88.8075 271.3393 15.05654801 18738
STARLINK-32636
1 62232U 24231Q   25322.86147412  .00024139  00000+0  82436-3 0  9998
2 62232  53.1613  14.1673 0001404  86.8150 273.3011 15.30204699 54808
STARLINK-3697
1 51962U 22025G   25322.56922388 -.00001872  00000+0 -10682-3 0  9990
2 51962  53.0535 165.2681 0001424  90.1528 269.9625 15.06399892204233
STARLINK-2410
1 47825U 21018AQ  25322.61026581  .00008416  00000+0  58290-3 0  9996
2 47825  53.0555  30.2720 0001607  98.5933 261.5239 15.06419809259856
STARLINK-35462
1 65877U 25223Z   25323.08511204  .00036025  00000+0  90571-3 0  9993
2 65877  53.1610  88.4739 0001746  85.5913 274.5291 15.39640982  7261
STARLINK-4127
1 53258U 22086S   25323.26534856  .00001159  00000+0  90874-4 0  9992
2 53258  53.2192 329.8367 0001572  82.5052 277.6119 15.08838946184392
STARLINK-4709
1 53778U 22111F   25322.96126027 -.00000285  00000+0  17365-6 0  9997
2 53778  53.2188  55.9256 0001392  92.5391 267.5761 15.08831146176910
STARLINK-34888
1 65471U 25195P   25322.98542671  .00025103  00000+0  85666-3 0  9995
2 65471  53.1624  52.4444 0001177  70.9116 289.2012 15.30206412 13045
STARLINK-32907
1 63095U 25037U   25323.22273623  .00002014  00000+0  17645-3 0  9994
2 63095  70.0016 273.0397 0002616 264.8386  95.2474 14.98343817 42007
STARLINK-4664
1 53777U 22111E   25322.66921141 -.00001669  00000+0 -86793-4 0  9990
2 53777  53.2192  52.6601 0001595 115.1171 244.9987 15.08831172176935
STARLINK-2076
1 47362U 21005P   25322.96690136 -.00002020  00000+0 -11680-3 0  9998
2 47362  53.0539 198.6711 0001561  95.3414 264.7753 15.06392938266353
STARLINK-11523 [DTC]
1 62565U 25006M   25322.76178805  .00297489  00000+0  22417-2 0  9999
2 62565  42.9975  88.7713 0001945 261.3872  98.6775 15.70821164 49150
STARLINK-35311
1 66032U 25232AD  25323.33336806  .00067772  00000+0  16918-2 0  9993
2 66032  53.1588 256.7273 0001559  88.3822   1.4797 15.39573364  5775
STARLINK-6034
1 56324U 23058H   25323.24891154 -.00000336  00000+0 -19047-4 0  9995
2 56324  97.6021 322.4318 0001992  84.1418 276.0036 15.05646817141235
STARLINK-34366
1 64281U 25120AB  25323.16145709  .00025305  00000+0  86517-3 0  9993
2 64281  53.1586 270.0949 0000367  61.2898 298.8139 15.30140537 26942
STARLINK-11233 [DTC]
1 61061U 24164M   25322.88295853 -.00025754  00000+0 -20725-3 0  9996
2 61061  53.1584 137.6366 0000538 149.4704 210.6346 15.69840710 68017
STARLINK-31338
1 59156U 24044E   25322.86321521  .00000893  00000+0  41965-4 0  9990
2 59156  43.0023  16.5730 0000910 267.9788  92.0960 15.27573607 96575
STARLINK-5498
1 55633U 23021F   25323.16885103  .00000984  00000+0  90275-4 0  9994
2 55633  69.9990 123.1013 0003074 268.2600  91.8207 14.98323916151746
STARLINK-31770
1 59601U 24080A   25323.21462800  .00003091  00000+0  12181-3 0  9991
2 59601  43.0027 302.0972 0005386 280.6478  79.3767 15.27580716 88848
STARLINK-32361
1 61933U 24207X   25322.89580579 -.00022514  00000+0 -81155-3 0  9990
2 61933  43.0028 187.7696 0000782 280.0918  79.9845 15.27562456 57771
STARLINK-31873
1 59790U 24093J   25322.83685312 -.00000222  00000+0  14417-5 0  9996
2 59790  43.0029 114.7837 0000861 275.6347  84.4406 15.27566645 85747
STARLINK-32010
1 60279U 24132B   25322.96165118  .00023383  00000+0  79824-3 0  9998
2 60279  53.1589 207.0249 0001327  92.5314 267.5839 15.30235515 74605
STARLINK-3762
1 52374U 22045AV  25323.26396623  .00000810  00000+0  69003-4 0  9996
2 52374  53.2182 324.8403 0001423  88.1220 271.9935 15.08840837199255
STARLINK-33680
1 63287U 25053Y   25323.22894478  .00032513  00000+0  11866-2 0  9997
2 63287  43.0005 145.2812 0001542 266.7635  93.3040 15.27558271 39352
STARLINK-31572
1 59333U 24057P   25323.09215896 -.00001049  00000+0 -28609-4 0  9990
2 59333  43.0014 102.9995 0001274 266.9450  93.1256 15.27572384 92795
STARLINK-31711
1 59438U 24065T   25322.73418828  .00002368  00000+0  92051-4 0  9990
2 59438  53.1603  76.9062 0001271  74.8139 285.3002 15.30193840 91949
STARLINK-3754
1 52350U 22045V   25323.27408955 -.00000408  00000+0 -75089-5 0  9990
2 52350  53.2198 334.7924 0001587  86.1806 273.9367 15.08840697199113
STARLINK-31981
1 60035U 24111V   25322.99484685  .00013115  00000+0  45418-3 0  9995
2 60035  53.1605 229.9299 0001194 123.2115 236.9000 15.30197428 82019
STARLINK-30875
1 58224U 23170U   25323.02106313 -.00001571  00000+0 -10125-3 0  9992
2 58224  43.0060  77.1079 0001949 282.4607  77.6017 15.02541930113631
STARLINK-33618
1 63374U 25063M   25322.96206918  .00024281  00000+0  82933-3 0  9998
2 63374  53.1599 204.1472 0000561  50.4881 309.6170 15.30196330 37844
STARLINK-31029
1 58712U 24002H   25322.88885481 -.00001973  00000+0 -54498-4 0  9990
2 58712  53.1623  24.4243 0001205  89.6299 270.4840 15.30202265105057
STARLINK-32088
1 59693U 24086M   25323.27941671 -.00008527  00000+0 -30040-3 0  9997
2 59693  43.0021 315.8830 0001311 268.4767  91.5935 15.27612096 87318
STARLINK-34226
1 64494U 25133Y   25323.33336806  .00064594  00000+0  21768-2 0  9991
2 64494  53.1605 269.3300 0001465  92.4141 251.4631 15.30160040  5815
STARLINK-35677
1 66220U 25244Q   25323.25002315 -.00035870  00000+0 -63961-3 0  9998
2 66220  53.1607  26.7685 0001157  85.1312   2.6731 15.49318796  4431
STARLINK-3332
1 50825U 22001Y   25323.25845136  .00000571  00000+0  53988-4 0  9993
2 50825  53.2180 304.8629 0001401  98.5910 261.5241 15.08838124213738
STARLINK-35376
1 66018U 25232P   25323.00166038  .00071922  00000+0  17865-2 0  9993
2 66018  53.1601 259.1140 0002497 151.7308 208.3833 15.39696593  6478
STARLINK-34253
1 64685U 25139X   25323.05711552  .00077207  00000+0  25839-2 0  9991
2 64685  53.1586 281.0631 0001726 145.6773 214.4340 15.30300224 23349
STARLINK-31960
1 59931U 24106K   25323.04322435  .00003523  00000+0  13750-3 0  9999
2 59931  42.9992 237.1567 0001301 281.8790  78.1916 15.27580720 83601
STARLINK-4108
1 52834U 22062E   25323.27270961 -.00000464  00000+0 -11080-4 0  9992
2 52834  53.2166 169.8020 0001153  98.2476 261.8647 15.08842876189112
STARLINK-4596
1 53624U 22104AN  25322.83843900 -.00001171  00000+0 -55500-4 0  9998
2 53624  53.2190  11.5101 0001420  92.5849 267.5306 15.08842264179012
STARLINK-32909
1 62894U 25024R   25322.79935627  .00022721  00000+0  83242-3 0  9999
2 62894  43.0021 231.8789 0001363 263.9146  96.1550 15.27589166 45301
STARLINK-5163
1 54054U 22136D   25323.14484533 -.00000934  00000+0 -40610-4 0  9991
2 54054  53.2144 120.5010 0001288  90.9388 269.1752 15.08843809170156
STARLINK-30953
1 58491U 23186U   25323.27457705  .00000574  00000+0  30370-4 0  9991
2 58491  43.0017 171.0622 0001124 282.9473  77.1253 15.27574530111003
STARLINK-5809
1 55775U 23028AL  25322.92707346  .00000929  00000+0  85641-4 0  9993
2 55775  70.0000 143.6596 0003307 268.8819  91.1961 14.98336032149940
STARLINK-4132
1 53252U 22086L   25323.28374494  .00001363  00000+0  10374-3 0  9991
2 53252  53.2183 329.7044 0001419  91.3260 268.7895 15.08836931184413
STARLINK-32461
1 61701U 24195Q   25323.25375772 -.00002981  00000+0 -88664-4 0  9996
2 61701  53.1619 308.2945 0001174  83.3893 276.7241 15.30165438 60270
STARLINK-5006
1 55422U 23014AH  25323.25505848  .00000437  00000+0  44400-4 0  9999
2 55422  70.0000   2.7580 0003037 268.4915  91.5896 14.98329135155023
STARLINK-3788
1 52271U 22041L   25323.06891215  .00008403  00000+0  54493-3 0  9995
2 52271  53.2164 245.7124 0001402  99.9103 260.2048 15.08873639197664
STARLINK-3758
1 52297U 22041AN  25323.06617550  .00007651  00000+0  49824-3 0  9997
2 52297  53.2174 235.7270 0001797  98.5958 261.5238 15.08841055197802
STARLINK-34849
1 66005U 25232A   25323.23356022  .00044854  00000+0  11249-2 0  9992
2 66005  53.1620 258.4351 0001369  32.4751 327.6338 15.39616518  6491
STARLINK-35061
1 66191U 25243Q   25323.33336806 -.02012942  00000+0 -35928-1 0  9995
2 66191  53.1607  38.7424 0000854  90.4506 323.6713 15.52674893  4870
STARLINK-30979
1 58485U 23186N   25322.95629919  .00000520  00000+0  53589-4 0  9994
2 58485  43.0115 309.2080 0002987 282.7031  77.3478 15.02532230109185
STARLINK-3342
1 50816U 22001P   25323.26581051  .00000454  00000+0  46614-4 0  9995
2 50816  53.2180 304.8333 0001420  97.3335 262.7818 15.08838480213737
STARLINK-2150
1 47739U 21017T   25322.50754049  .00011475  00000+0  78743-3 0  9998
2 47739  53.0553   5.7350 0001346  83.7466 276.3676 15.06427197260817
STARLINK-11618 [DTC]
1 63185U 25048C   25323.11938089  .00180628  00000+0  13779-2 0  9999
2 63185  43.0012 266.1714 0001526 259.2118 100.8578 15.70890259 41127
STARLINK-6331
1 57351U 23099Z   25322.81415848  .00001296  00000+0  11093-3 0  9991
2 57351  43.0024 130.9540 0001449 244.5625 115.5068 15.02560004129443
STARLINK-3375
1 51114U 22005L   25323.01924527  .00000623  00000+0  57218-4 0  9993
2 51114  53.2163  65.9397 0001171  94.4118 265.7008 15.08840149212171
STARLINK-11516 [DTC]
1 62522U 25004M   25322.57160570  .00225711  00000+0  17052-2 0  9997
2 62522  42.9985  20.4116 0004018 249.3228 110.7209 15.70973747 49736
STARLINK-3930
1 52568U 22051AM  25323.13793115  .00006916  00000+0  45214-3 0  9991
2 52568  53.2166 255.4066 0001488  83.9310 276.1852 15.08843079194891
STARLINK-31366
1 59403U 24064F   25323.30464173  .00000581  00000+0  30663-4 0  9995
2 59403  43.0027 319.5847 0002248 289.6382  70.4227 15.27582292 92343
STARLINK-31990
1 60024U 24111J   25322.97900517  .00000983  00000+0  45306-4 0  9994
2 60024  53.1601 229.8339 0001173  72.2157 287.8972 15.30195999 82084
STARLINK-34476
1 64364U 25126W   25323.27326246  .00008185  00000+0  69282-3 0  9997
2 64364  70.0017 312.8117 0002451 274.3799  85.7080 14.98338900 24140
STARLINK-3362
1 51108U 22005E   25323.02292741 -.00001889  00000+0 -10060-3 0  9993
2 51108  53.2166  65.9230 0001533  86.2656 273.8511 15.08847886212175
STARLINK-5603
1 55762U 23028X   25323.22333455 -.00001081  00000+0 -82778-4 0  9999
2 55762  69.9978 143.0899 0002942 273.1423  86.9400 14.98330005149989
STARLINK-30990
1 58478U 23186F   25321.96577723 -.00007595  00000+0 -54782-3 0  9997
2 58478  43.0045 314.6718 0001493 271.3982  88.6689 15.02531036109088
STARLINK-11264 [DTC]
1 60906U 24154D   25323.24051714  .00000301  00000+0  73479-5 0  9994
2 60906  53.1595 315.9945 0001588  94.2431 265.8769 15.69710999 71166
STARLINK-30412
1 57854U 23141Q   25323.05921158  .00000968  00000+0  44818-4 0  9997
2 57854  53.1615  77.7352 0000939  90.4771 269.6338 15.30192655123394
STARLINK-30329
1 57635U 23122D   25322.77438630  .00001122  00000+0  98132-4 0  9990
2 57635  43.0027 337.6327 0001166 273.0938  86.9771 15.02537967125495
STARLINK-33838
1 63500U 25071H   25323.19145806  .00036527  00000+0  12383-2 0  9999
2 63500  53.1626 293.0684 0001745  96.9426 263.1773 15.30226149 35644
STARLINK-11163 [DTC]
1 60047U 24112K   25322.77884833 -.00001620  00000+0 -85029-5 0  9998
2 60047  53.1594  92.8411 0001358  94.6287 265.4887 15.69725938 83561
STARLINK-5654
1 55366U 23013AM  25322.63278698 -.00001036  00000+0 -61638-4 0  9996
2 55366  43.0018 170.7636 0000965 260.0759  99.9975 15.02542792155154
STARLINK-3329
1 50827U 22001AA  25323.26948598  .00002760  00000+0  19143-3 0  9998
2 50827  53.2176 304.8141 0001344  84.4753 275.6393 15.08844681213738
STARLINK-2567
1 48276U 21036A   25322.94064118  .00000855  00000+0  76268-4 0  9996
2 48276  53.0540 183.7917 0001353  89.9229 270.1915 15.06398099252119
STARLINK-31639
1 59261U 24050H   25323.26327305 -.00000933  00000+0 -19398-4 0  9997
2 59261  53.1629 333.7852 0001525 118.5741 241.5414 15.30185706 93641
STARLINK-5731
1 56924U 23083BA  25323.26899443  .00000388  00000+0  43832-4 0  9994
2 56924  43.0044 308.4773 0001071 265.1325  94.9395 15.02530897135321
STARLINK-11534 [DTC]
1 62555U 25006B   25323.23329370  .00291871  00000+0  21965-2 0  9992
2 62555  42.9989  85.4092 0000988 288.5102  71.5658 15.70868467 49237
STARLINK-11608 [DTC]
1 63275U 25053L   25322.62315126  .00230657  00000+0  17420-2 0  9996
2 63275  43.0009  61.5206 0003102 259.2183 100.8336 15.70969090 40198
STARLINK-31059
1 58596U 23200H   25322.94205510  .00000412  00000+0  24504-4 0  9995
2 58596  43.0036 277.5726 0001073 216.3044 143.7735 15.27571610108518
STARLINK-34814
1 65100U 25167Y   25322.93518276  .00022439  00000+0  76808-3 0  9999
2 65100  53.1602 181.0410 0001564  71.1062 289.0109 15.30172523 16521
STARLINK-32555
1 61918U 24207G   25321.98636252  .00033301  00000+0  12142-2 0  9995
2 61918  43.0022 196.4667 0001551 261.5237  98.5439 15.27580252 57596
STARLINK-11301 [DTC]
1 61885U 24204M   25322.87924433  .00001138  00000+0  14254-4 0  9996
2 61885  53.1591 182.2926 0001209  78.2026 281.9128 15.69711784 59511
STARLINK-11715 [DTC]
1 64076U 25107N   25322.63066253  .00222898  00000+0  16943-2 0  9998
2 64076  42.9997  47.4510 0003417 242.3027 117.7494 15.70838180 29837
STARLINK-5332
1 55285U 23010S   25323.26681998 -.00000745  00000+0 -54630-4 0  9994
2 55285  69.9988 282.7899 0002538 266.8303  93.2566 14.98330520158108
STARLINK-34004
1 63941U 25098R   25323.06758388 -.00000165  00000+0 -60181-5 0  9991
2 63941  70.0005 193.3101 0003139 259.1797 100.9008 14.98340538 29982
STARLINK-2640
1 48438U 21040L   25323.24705822 -.00002784  00000+0 -16813-3 0  9993
2 48438  53.0549 317.6819 0001423  86.8169 273.2983 15.06393626249974
STARLINK-31913
1 59667U 24084P   25323.24026568  .00008018  00000+0  30043-3 0  9998
2 59667  43.0049 301.8985 0002129 268.8122  91.2486 15.27595205 87525
STARLINK-3399
1 51121U 22005T   25322.98340420  .00000669  00000+0  60139-4 0  9996
2 51121  53.2189  66.1092 0001443 111.1087 249.0059 15.08836923212161
STARLINK-31336
1 58944U 24027P   25323.10570273 -.00001301  00000+0 -31804-4 0  9991
2 58944  53.1601 103.5385 0001648 108.3982 251.7198 15.30178937100382
STARLINK-30441
1 57869U 23144F   25323.25996867 -.00000043  00000+0  11908-4 0  9996
2 57869  43.0050 167.9433 0001798 270.7018  89.3619 15.02532655120959
STARLINK-5988
1 56320U 23058D   25323.23433586  .00000389  00000+0  34782-4 0  9990
2 56320  97.6031 321.9874 0001338 177.2802 182.8430 15.01261755141218
STARLINK-31494
1 59238U 24049H   25322.95656798 -.00001526  00000+0 -45972-4 0  9991
2 59238  43.0059  48.6615 0000192  74.6712 285.4161 15.27560576 95475
STARLINK-31324
1 58976U 24031M   25323.05555034  .00003557  00000+0  13211-3 0  9997
2 58976  53.1599  90.6447 0000924  94.4442 265.6664 15.30215244 99573
STARLINK-34950
1 65193U 25175V   25323.10431103 -.00010207  00000+0 -70389-3 0  9993
2 65193  97.6033 193.7045 0002831  88.0438 272.1113 15.05663425 15974
STARLINK-34058
1 63818U 25092Q   25323.02341114  .00032346  00000+0  11799-2 0  9991
2 63818  43.0014  77.1901 0001777 280.1469  79.9182 15.27577668 31742
STARLINK-11626 [DTC]
1 63556U 25075J   25322.73308577  .00262710  00000+0  19797-2 0  9990
2 63556  43.0004 103.0028 0002371 279.9413  80.1187 15.70925400 35792
STARLINK-4447
1 53472U 22099H   25323.27543705 -.00000416  00000+0 -27851-4 0  9990
2 53472  97.6038  82.1212 0002351  87.3448 272.8046 15.01266454179412
STARLINK-35383
1 65793U 25218C   25323.17437793  .00008438  00000+0  58828-3 0  9990
2 65793  97.6023 184.0677 0002011  82.3193 277.8262 15.05649617  8345
STARLINK-4213
1 52872U 22062AU  25323.21295077  .00002494  00000+0  17467-3 0  9990
2 52872  53.2136 150.0407 0000873  87.4328 272.6764 15.08851287189381
STARLINK-34600
1 64699U 25142D   25323.15366521 -.00007556  00000+0 -66696-3 0  9992
2 64699  70.0049 232.3355 0001430 262.5925  97.5071 14.95889301 22942
STARLINK-35140
1 65501U 25198K   25323.03463200  .00049826  00000+0  12501-2 0  9994
2 65501  53.1588  70.2810 0002696  87.4147 272.7167 15.39554000 11603
STARLINK-30894
1 58375U 23178B   25323.25222823 -.00001567  00000+0 -40786-4 0  9999
2 58375  53.1570 153.9975 0001242 116.3133 243.7996 15.30204968112919
STARLINK-6062
1 56104U 23046M   25322.95136198 -.00000879  00000+0 -49987-4 0  9993
2 56104  43.0058  40.7059 0000792 257.3651 102.7102 15.02533924145401
STARLINK-3864
1 52468U 22049T   25322.96313086  .00000408  00000+0  43751-4 0  9997
2 52468  53.2186 196.1932 0001526  98.3039 261.8127 15.08839378195531
STARLINK-11134 [DTC]
1 59956U 24107M   25322.74088515 -.00001277  00000+0 -56760-5 0  9997
2 59956  53.1567  77.9475 0001414 104.9132 255.2043 15.69717695 84652
STARLINK-11275 [DTC]
1 61579U 24187F   25322.84005636  .00000878  00000+0  12097-4 0  9991
2 61579  53.1591 122.4450 0000744  86.9893 273.1210 15.69714461 63290
STARLINK-33881
1 63779U 25091E   25322.31025820  .00026937  00000+0  98493-3 0  9996
2 63779  43.0018 321.9307 0000950 284.3411  75.7336 15.27576844 31860
STARLINK-34899
1 65323U 25189A   25323.28336989  .00022450  00000+0  76741-3 0  9997
2 65323  53.1603 359.5152 0001473  97.0504 263.0664 15.30216380 14202
STARLINK-34852
1 66135U 25237X   25322.97850630  .00065604  00000+0  12273-2 0  9999
2 66135  53.1611 199.2865 0003584  24.1753 335.9423 15.48124692  5547
STARLINK-5420
1 54798U 22175AS  25323.26853765  .00001098  00000+0  87038-4 0  9994
2 54798  53.2157 154.5862 0001409  85.2649 274.8504 15.08842181163601
STARLINK-5273
1 54162U 22141F   25323.24511256  .00001217  00000+0  94535-4 0  9999
2 54162  53.2164 149.9426 0001377  94.9313 265.1836 15.08851418169045
STARLINK-31163
1 58807U 24012W   25323.01148383 -.00003768  00000+0 -12749-3 0  9991
2 58807  43.0008  69.9142 0000808 284.4703  75.6059 15.27577693104313
STARLINK-31190
1 58897U 24020X   25323.14941311  .00002919  00000+0  11059-3 0  9993
2 58897  53.1589 116.0957 0001426  91.9016 268.2148 15.30213219101143
STARLINK-2346
1 47887U 21021AD  25322.70333809  .00008964  00000+0  61968-3 0  9996
2 47887  53.0556  59.8564 0001315  68.6890 291.4239 15.06413909259323
STARLINK-33822
1 63658U 25083AA  25322.91613050  .00022455  00000+0  82195-3 0  9990
2 63658  43.0047 270.9584 0003729 282.3695  77.6739 15.27619377 33158
STARLINK-5804
1 55788U 23028AZ  25322.20083962  .00000354  00000+0  37430-4 0  9994
2 55788  69.9991 125.6636 0003164 269.4026  90.6770 14.98321474150323
STARLINK-32230
1 60366U 24138M   25323.10251650  .00003840  00000+0  14175-3 0  9999
2 60366  53.1601 103.4524 0000975  96.4394 263.6718 15.30191964 73691
STARLINK-5085
1 55392U 23014B   25323.28380643 -.00000682  00000+0 -49370-4 0  9997
2 55392  69.9986 322.7188 0002704 257.7869 102.2987 14.98336994156019
STARLINK-32356
1 60921U 24154U   25323.02864581  .00000524  00000+0  29832-4 0  9991
2 60921  53.1556  77.7483 0001878  85.6437 274.4779 15.30185655 69406
STARLINK-2497
1 48455U 21040AD  25323.23228298  .00000258  00000+0  36214-4 0  9998
2 48455  53.0538 317.4793 0001231  93.5510 266.5619 15.06391545249971
STARLINK-30081
1 57515U 23113W   25323.09841719  .00000616  00000+0  60694-4 0  9998
2 57515  43.0017 258.3327 0000818 257.0568 103.0183 15.02534033127024
STARLINK-32346
1 61849U 24202E   25323.17563343  .00000596  00000+0  31195-4 0  9997
2 61849  43.0011 131.0671 0001419 270.2212  89.8477 15.27563052 58551
STARLINK-3888
1 52454U 22049D   25322.95485017  .00001666  00000+0  12275-3 0  9998
2 52454  53.2151 206.2303 0001433  81.2357 278.8797 15.08843155195397
STARLINK-30289
1 57653U 23122X   25322.72806226 -.00002202  00000+0 -14798-3 0  9992
2 57653  43.0054 324.5149 0001779 263.5755  96.4885 15.02536259125645
STARLINK-34792
1 65085U 25167H   25322.91209496  .00027514  00000+0  93793-3 0  9991
2 65085  53.1583 181.6155 0000972  77.2676 282.8433 15.30189593 16518
STARLINK-11727 [DTC]
1 64123U 25111A   25323.17021314  .00225496  00000+0  17080-2 0  9995
2 64123  42.9997 280.3518 0000351 239.0493 121.0340 15.70917014 29258
STARLINK-3254
1 50204U 21125BA  25323.24193942  .00008712  00000+0  56453-3 0  9994
2 50204  53.2169  14.9525 0001716  74.5172 285.6009 15.08857398220116
STARLINK-4274
1 52865U 22062AM  25321.97458729  .00000609  00000+0  56314-4 0  9999
2 52865  53.2153 165.6290 0001508  82.8445 277.2718 15.08853019189069
STARLINK-30606
1 58109U 23161N   25323.25579368  .00001454  00000+0  61248-4 0  9994
2 58109  53.1631 318.4893 0001582  88.2529 271.8653 15.30190479117516
STARLINK-34458
1 64360U 25126S   25323.28179338 -.00027218  00000+0 -22861-2 0  9993
2 64360  70.0012 312.8362 0003320 241.1579 118.9247 14.98261704 24148
STARLINK-5222
1 54068U 22136T   25323.18160254 -.00000145  00000+0  89988-5 0  9996
2 54068  53.2161 120.0235 0001301  91.6910 268.4232 15.08840390170167
STARLINK-31902
1 59666U 24084N   25322.94754674  .00001171  00000+0  52072-4 0  9999
2 59666  43.0023 307.4653 0000624  62.1575 297.9340 15.27570506 87436
STARLINK-4101
1 53142U 22083L   25323.23134571  .00002893  00000+0  19979-3 0  9990
2 53142  53.2159 309.9574 0001395  90.4919 269.6233 15.08840866184559
STARLINK-30269
1 57528U 23115H   25323.05215411 -.00001778  00000+0 -11656-3 0  9999
2 57528  43.0048 245.7567 0001498 268.4131  91.6539 15.02530280125671
STARLINK-32419
1 61637U 24191S   25322.98476511 -.00001730  00000+0 -53373-4 0  9992
2 61637  43.0065  59.8690 0001862 262.3774  97.6866 15.27562256 60603
STARLINK-4663
1 53724U 22107AA  25323.24875778 -.00000346  00000+0 -36696-5 0  9995
2 53724  53.2179  29.7040 0000830  80.2330 279.8756 15.08825228177740
STARLINK-32800
1 62743U 25014J   25322.99791327  .00021525  00000+0  78961-3 0  9993
2 62743  43.0017  66.8603 0000733 297.7945  62.2832 15.27573791 46240
STARLINK-35210
1 65903U 25224X   25322.94466328  .00020686  00000+0  70825-3 0  9990
2 65903  53.1587 166.1007 0002383  70.3560 289.7698 15.30215545  7896
STARLINK-35452
1 66104U 25236U   25323.15117081  .00032196  00000+0  58441-3 0  9999
2 66104  53.1609 258.5233 0001296  77.1118 283.0036 15.49315722  6001
STARLINK-33979
1 63867U 25094D   25322.94596399  .00002214  00000+0  19324-3 0  9998
2 63867  69.9982 153.7331 0002181 276.6413  83.4498 14.98336800 30617
STARLINK-5333
1 56507U 23065E   25322.95881414  .00000439  00000+0  47584-4 0  9990
2 56507  43.0054  53.3531 0001278 274.2308  85.8389 15.02532230140419
STARLINK-30997
1 58482U 23186K   25323.26537526  .00018394  00000+0  13723-2 0  9990
2 58482  43.0011 307.1928 0000389 235.0767 125.0039 15.02558799109245
STARLINK-35345
1 65833U 25221L   25323.10068992  .00041256  00000+0  14019-2 0  9991
2 65833  53.1611 241.8795 0001434  73.4773 286.6385 15.30094251  9156
STARLINK-3996
1 52617U 22052V   25322.66045054 -.00001626  00000+0 -84127-4 0  9998
2 52617  53.2184  47.5470 0001351  92.7084 267.4063 15.08836211194224
STARLINK-33545
1 62101U 24220P   25323.11813163  .00044756  00000+0  16249-2 0  9998
2 62101  42.9994 109.7398 0000383  13.2662 346.8200 15.27604345 56113
STARLINK-1559
1 46077U 20055BC  25323.01749749  .00033501  00000+0  15599-2 0  9994
2 46077  53.0512 224.9234 0009185  68.9016 291.2960 15.19609100292702
STARLINK-34605
1 64677U 25139P   25323.11284214  .00058803  00000+0  14686-2 0  9998
2 64677  53.1608 275.0377 0001088  78.6522 281.4605 15.39623516 23432
STARLINK-4658
1 53612U 22104AA  25322.86791900 -.00000263  00000+0  15751-5 0  9995
2 53612  53.2186  11.6921 0001358  94.2456 265.8692 15.08840202178904
STARLINK-4567
1 53970U 22125G   25323.27961333  .00001031  00000+0  82857-4 0  9993
2 53970  53.2170 354.8120 0001270  93.9465 266.1673 15.08837770172730
STARLINK-11160 [DTC]
1 60125U 24118N   25322.95884627  .00000099  00000+0  56780-5 0  9991
2 60125  53.1594  46.9847 0001104  84.1861 275.9282 15.69707170 80607
STARLINK-5670
1 55341U 23013L   25322.91620924 -.00001889  00000+0 -12481-3 0  9990
2 55341  43.0033 182.4653 0000609 283.8245  76.2530 15.02530187155049
