beta_Connecticutd_SNP,41.6032207,-73.087749,10.0
beta_Floridad_SNP,27.6648274,-81.5157535,10.0
beta_Hawaiid_SNP,19.8986819,-155.6658568,10.0
beta_Calid_SNP,3.4516467,-76.5319854,10.0
beta_Greeced_SNP,37.9838096,23.7275388,10.0
beta_Norwayd_SNP,69.6497717,18.984122,10.0
beta_Argentinad_SNP,-34.6036739,-58.3821215,10.0
beta_Santiagod_SNP,-33.4488897,-70.6692655,10.0
beta_Yellowknifed_SNP,62.4539717,-114.3717886,10.0
beta_Alaskad_SNP,63.588753,-154.4930619,10.0
beta_Tahitid_SNP,-17.6509195,-149.4260421,10.0
beta_Piteåd_SNP,65.316698,21.4800364,10.0
beta_Australiad_SNP,-31.9513993,115.8616783,10.0
beta_Southd_Africad_SNP,-33.922087,18.4231418,10.0
beta_Vietnamd_SNP,21.0277644,105.8341598,10.0
beta_Southd_Koread_SNP,37.550263,126.9970831,10.0
beta_Tolucad_SNP,19.2826098,-99.6556653,10.0
beta_Californiad_SNP,36.778261,-119.4179324,10.0
beta_Tabukd_SNP,28.3835079,36.5661908,10.0
beta_Aricad_SNP,-18.4782534,-70.3125988,10.0
beta_Svalbardd_SNP,77.8749725,20.9751822,10.0
beta_Cyprusd_SNP,35.1855659,33.3822764,10.0
beta_Japand_SNP,35.6764225,139.650027,10.0