alpha_ue_0,6.236618301724686,80.05464150597021,10.0
alpha_ue_1,8.227838,80.828544,10.0
alpha_ue_2,7.912562,81.006233,10.0
alpha_ue_3,7.701784,80.423222,10.0
alpha_ue_4,8.235613,80.994291,10.0
alpha_ue_5,8.159753,80.826620,10.0
alpha_ue_6,7.663199,80.764667,10.0
alpha_ue_7,7.896217,80.841879,10.0
alpha_ue_8,7.525351,80.669948,10.0
alpha_ue_9,7.694526,80.658558,10.0
alpha_ue_10,8.276861,80.788453,10.0
alpha_ue_11,7.744032,80.386186,10.0
alpha_ue_12,8.019711,80.991001,10.0
alpha_ue_13,7.645628,81.151364,10.0
alpha_ue_14,7.985398,80.850644,10.0
alpha_ue_15,7.544361,80.518606,10.0
alpha_ue_16,7.821851,80.367736,10.0
alpha_ue_17,8.197325,80.715979,10.0
alpha_ue_18,7.611398,80.682198,10.0
alpha_ue_19,7.572321,80.491931,10.0
alpha_ue_20,7.504439,80.575189,10.0
alpha_ue_21,8.234596,80.879877,10.0
alpha_ue_22,7.820575,80.981666,10.0
alpha_ue_23,7.886792,80.899134,10.0
alpha_ue_24,7.848140,80.913683,10.0
alpha_ue_25,7.636560,81.043231,10.0
alpha_ue_26,7.941881,81.038797,10.0
alpha_ue_27,8.087038,80.680994,10.0
alpha_ue_28,7.593249,80.540671,10.0
alpha_ue_29,7.848801,80.585832,10.0
alpha_ue_30,7.741173,80.897727,10.0
alpha_ue_31,7.588301,80.424262,10.0
alpha_ue_32,7.739231,80.461567,10.0
alpha_ue_33,7.940164,80.361062,10.0
alpha_ue_34,8.083704,80.815272,10.0
alpha_ue_35,7.845038,81.024889,10.0
alpha_ue_36,8.066279,80.698682,10.0
alpha_ue_37,7.706891,81.161705,10.0
alpha_ue_38,7.584891,80.995640,10.0
alpha_ue_39,7.457840,80.882665,10.0
alpha_ue_40,7.877998,81.005112,10.0
alpha_ue_41,7.846187,81.110442,10.0
alpha_ue_42,8.148143,80.564207,10.0
alpha_ue_43,7.927479,81.053052,10.0
alpha_ue_44,7.425301,80.744709,10.0
alpha_ue_45,8.002635,80.811684,10.0
alpha_ue_46,7.769560,80.664012,10.0
alpha_ue_47,7.520221,80.961393,10.0
alpha_ue_48,7.789790,80.849182,10.0
alpha_ue_49,7.432296,80.689476,10.0
alpha_ue_50,8.156899,80.428915,10.0
alpha_ue_51,7.864296,80.724035,10.0
alpha_ue_52,7.512212,80.685615,10.0
alpha_ue_53,7.726293,80.590432,10.0
alpha_ue_54,7.735511,80.832150,10.0
alpha_ue_55,8.162998,80.684409,10.0
alpha_ue_56,7.837779,81.194651,10.0
alpha_ue_57,8.010838,81.060911,10.0
alpha_ue_58,8.167847,80.457002,10.0
alpha_ue_59,7.715448,80.581983,10.0
alpha_ue_60,8.074031,81.061728,10.0
alpha_ue_61,7.492833,80.674830,10.0
alpha_ue_62,7.483952,80.695955,10.0
alpha_ue_63,7.868274,80.781488,10.0
alpha_ue_64,7.929666,80.744533,10.0
alpha_ue_65,8.079787,80.401493,10.0
alpha_ue_66,8.105859,80.861307,10.0
alpha_ue_67,8.270804,80.632786,10.0
alpha_ue_68,7.742156,80.783466,10.0
alpha_ue_69,7.880966,80.652775,10.0
alpha_ue_70,8.145054,81.058299,10.0
alpha_ue_71,7.578486,80.675569,10.0
alpha_ue_72,8.033954,80.604091,10.0
alpha_ue_73,7.942558,81.058296,10.0
alpha_ue_74,7.831618,80.441460,10.0
alpha_ue_75,7.796927,80.960063,10.0
alpha_ue_76,7.609456,80.406062,10.0
alpha_ue_77,7.577619,80.738724,10.0
alpha_ue_78,7.897835,80.927539,10.0
alpha_ue_79,7.651119,80.632904,10.0
alpha_ue_80,7.913184,80.985514,10.0
alpha_ue_81,7.791783,80.683159,10.0
alpha_ue_82,8.051167,80.650326,10.0
alpha_ue_83,8.248947,80.952846,10.0
alpha_ue_84,7.766305,80.578642,10.0
alpha_ue_85,8.013198,80.926862,10.0
alpha_ue_86,7.481235,80.582471,10.0
alpha_ue_87,7.939742,80.467408,10.0
alpha_ue_88,8.020714,81.151028,10.0
alpha_ue_89,7.746180,80.831062,10.0
alpha_ue_90,7.587028,80.832506,10.0
alpha_ue_91,7.695485,80.428658,10.0
alpha_ue_92,8.236172,81.032570,10.0
alpha_ue_93,7.721445,81.015397,10.0
alpha_ue_94,7.876620,81.192687,10.0
alpha_ue_95,7.687332,80.834545,10.0
alpha_ue_96,7.821056,81.061589,10.0
alpha_ue_97,8.072000,80.666719,10.0
alpha_ue_98,8.065632,80.540868,10.0
alpha_ue_99,8.189610,80.876926,10.0
alpha_ue_100,8.104147,80.383152,10.0
alpha_ue_101,8.268757,80.572587,10.0
alpha_ue_102,8.080792,81.133089,10.0
alpha_ue_103,7.943783,81.079624,10.0
alpha_ue_104,8.138454,80.875213,10.0
alpha_ue_105,8.148427,80.746070,10.0
alpha_ue_106,7.922239,80.543623,10.0
alpha_ue_107,7.604891,80.914057,10.0
alpha_ue_108,8.312384,80.759042,10.0
alpha_ue_109,7.807070,80.440406,10.0
alpha_ue_110,7.821979,80.942571,10.0
alpha_ue_111,7.484617,80.558820,10.0
alpha_ue_112,7.868893,80.437949,10.0
alpha_ue_113,7.780384,80.717097,10.0
alpha_ue_114,8.064689,80.514940,10.0
alpha_ue_115,8.045931,80.727911,10.0
alpha_ue_116,7.922984,80.889846,10.0
alpha_ue_117,7.716217,80.459942,10.0
alpha_ue_118,8.031998,80.922220,10.0
alpha_ue_119,7.883177,81.199513,10.0
alpha_ue_120,7.619723,80.533463,10.0
alpha_ue_121,7.621555,80.624466,10.0
alpha_ue_122,8.170908,80.641041,10.0
alpha_ue_123,7.830302,80.571478,10.0
alpha_ue_124,7.699049,80.906708,10.0
alpha_ue_125,7.759353,81.125230,10.0
alpha_ue_126,7.876059,80.516856,10.0
alpha_ue_127,7.756257,80.803444,10.0
alpha_ue_128,8.321773,80.760689,10.0
alpha_ue_129,7.900994,80.891254,10.0
alpha_ue_130,8.084363,80.676726,10.0
alpha_ue_131,8.179072,80.479062,10.0
alpha_ue_132,8.022649,81.002411,10.0
alpha_ue_133,7.755071,80.375291,10.0
alpha_ue_134,8.223254,80.743383,10.0
alpha_ue_135,8.235888,80.789817,10.0
alpha_ue_136,7.749145,81.162103,10.0
alpha_ue_137,8.212328,80.633542,10.0
alpha_ue_138,7.996272,80.882021,10.0
alpha_ue_139,7.734293,80.723111,10.0
alpha_ue_140,7.687734,80.626967,10.0
alpha_ue_141,7.982469,81.139699,10.0
alpha_ue_142,7.841711,81.131514,10.0
alpha_ue_143,8.133124,80.594216,10.0
alpha_ue_144,8.218701,81.000346,10.0
alpha_ue_145,7.824325,81.062767,10.0
alpha_ue_146,7.876639,80.745038,10.0
alpha_ue_147,7.846195,81.132704,10.0
alpha_ue_148,7.506609,80.647253,10.0
alpha_ue_149,8.166296,80.789805,10.0
alpha_ue_150,7.964542,80.688443,10.0
alpha_ue_151,7.463465,80.649993,10.0
alpha_ue_152,7.516685,80.566542,10.0
alpha_ue_153,7.993430,80.897067,10.0
alpha_ue_154,8.073907,80.622525,10.0
alpha_ue_155,8.129916,80.461211,10.0
alpha_ue_156,7.978807,81.188249,10.0
alpha_ue_157,8.052274,80.908130,10.0
alpha_ue_158,8.169248,80.505323,10.0
alpha_ue_159,7.665193,80.573057,10.0
alpha_ue_160,8.032816,80.695781,10.0
alpha_ue_161,8.286085,80.709002,10.0
alpha_ue_162,8.170370,80.494972,10.0
alpha_ue_163,7.867138,80.700668,10.0
alpha_ue_164,8.107897,80.661742,10.0
alpha_ue_165,8.137365,80.465586,10.0
alpha_ue_166,7.830475,81.177801,10.0
alpha_ue_167,8.183209,81.024538,10.0
alpha_ue_168,8.137610,80.443147,10.0
alpha_ue_169,7.959164,80.576394,10.0
alpha_ue_170,7.769532,81.061120,10.0
alpha_ue_171,7.929302,81.172178,10.0
alpha_ue_172,7.897267,80.837146,10.0
alpha_ue_173,8.042496,80.576233,10.0
alpha_ue_174,7.792728,81.210215,10.0
alpha_ue_175,7.582492,80.985855,10.0
alpha_ue_176,7.439667,80.670479,10.0
alpha_ue_177,8.199001,81.063113,10.0
alpha_ue_178,8.065085,81.174230,10.0
alpha_ue_179,7.830345,81.214556,10.0
alpha_ue_180,7.737542,80.831465,10.0
alpha_ue_181,7.723772,81.128258,10.0
alpha_ue_182,7.524290,80.746483,10.0
alpha_ue_183,7.625994,80.641544,10.0
alpha_ue_184,7.815051,80.550584,10.0
alpha_ue_185,7.889589,80.763394,10.0
alpha_ue_186,7.810182,80.445195,10.0
alpha_ue_187,7.688056,80.428802,10.0
alpha_ue_188,8.118389,80.888273,10.0
alpha_ue_189,7.696344,81.095414,10.0
alpha_ue_190,8.018468,80.564424,10.0
alpha_ue_191,7.754614,81.137413,10.0
alpha_ue_192,7.663557,80.909061,10.0
alpha_ue_193,7.792484,81.047680,10.0
alpha_ue_194,7.732458,80.849336,10.0
alpha_ue_195,7.681034,80.377158,10.0
alpha_ue_196,7.553890,80.485842,10.0
alpha_ue_197,7.637791,80.698006,10.0
alpha_ue_198,7.871020,80.780691,10.0
alpha_ue_199,7.615021,80.628602,10.0
alpha_ue_200,7.518429,80.851861,10.0
alpha_ue_201,7.940628,81.065501,10.0
alpha_ue_202,8.124400,80.590343,10.0
alpha_ue_203,8.066837,81.125932,10.0
alpha_ue_204,7.742923,80.759001,10.0
alpha_ue_205,7.690837,81.082085,10.0
alpha_ue_206,7.876006,80.361607,10.0
alpha_ue_207,7.931554,81.139010,10.0
alpha_ue_208,8.071175,80.802731,10.0
alpha_ue_209,7.653557,80.806708,10.0
alpha_ue_210,8.244540,80.956458,10.0
alpha_ue_211,7.674850,80.559305,10.0
alpha_ue_212,7.807600,80.583112,10.0
alpha_ue_213,7.885034,81.090388,10.0
alpha_ue_214,8.236684,80.784593,10.0
alpha_ue_215,7.921996,80.381979,10.0
alpha_ue_216,7.742383,80.838885,10.0
alpha_ue_217,8.054939,80.722158,10.0
alpha_ue_218,8.180396,80.873067,10.0
alpha_ue_219,8.002988,80.587297,10.0
alpha_ue_220,7.969439,80.481302,10.0
alpha_ue_221,8.239023,80.743644,10.0
alpha_ue_222,8.202757,80.663760,10.0
alpha_ue_223,7.550897,80.493455,10.0
alpha_ue_224,7.492343,80.760257,10.0
alpha_ue_225,7.482138,80.649369,10.0
alpha_ue_226,7.856145,80.342648,10.0
alpha_ue_227,7.855238,81.083677,10.0
alpha_ue_228,7.728228,80.600211,10.0
alpha_ue_229,7.483555,80.718854,10.0
alpha_ue_230,7.818363,81.126490,10.0
alpha_ue_231,7.845268,80.894849,10.0
alpha_ue_232,7.773800,80.985845,10.0
alpha_ue_233,8.086106,81.026389,10.0
alpha_ue_234,7.798594,80.567130,10.0
alpha_ue_235,8.220284,80.921457,10.0
alpha_ue_236,7.596560,80.695218,10.0
alpha_ue_237,7.950690,81.053486,10.0
alpha_ue_238,8.113727,80.606354,10.0
alpha_ue_239,7.757884,80.445369,10.0
alpha_ue_240,7.913770,80.354119,10.0
alpha_ue_241,8.149927,80.782158,10.0
alpha_ue_242,7.878916,80.502938,10.0
alpha_ue_243,8.270403,80.650972,10.0
alpha_ue_244,7.868562,80.478322,10.0
alpha_ue_245,7.608607,80.569342,10.0
alpha_ue_246,7.913377,80.980820,10.0
alpha_ue_247,8.164706,80.826089,10.0
alpha_ue_248,7.760956,80.534543,10.0
alpha_ue_249,8.018413,81.020008,10.0
alpha_ue_250,8.086616,80.994586,10.0
alpha_ue_251,8.222335,80.832114,10.0
alpha_ue_252,7.613923,80.659762,10.0
alpha_ue_253,7.826958,80.713470,10.0
alpha_ue_254,7.712411,80.811610,10.0
alpha_ue_255,7.800068,80.841820,10.0
alpha_ue_256,7.777158,80.956560,10.0
alpha_ue_257,7.588908,81.044193,10.0
alpha_ue_258,8.064857,80.429545,10.0
alpha_ue_259,8.069475,80.883898,10.0
alpha_ue_260,7.812475,80.756324,10.0
alpha_ue_261,7.609196,81.138682,10.0
alpha_ue_262,7.943716,80.413210,10.0
alpha_ue_263,7.882744,80.405870,10.0
alpha_ue_264,8.010026,81.191480,10.0
alpha_ue_265,7.910009,80.824732,10.0
alpha_ue_266,7.795750,80.630898,10.0
alpha_ue_267,7.940537,81.105441,10.0
alpha_ue_268,7.912909,80.394714,10.0
alpha_ue_269,7.729331,80.655901,10.0
alpha_ue_270,8.165227,81.030261,10.0
alpha_ue_271,8.269707,80.681566,10.0
alpha_ue_272,8.018857,80.795749,10.0
alpha_ue_273,7.762517,80.544477,10.0
alpha_ue_274,7.522917,81.040176,10.0
alpha_ue_275,8.210418,80.948002,10.0
alpha_ue_276,7.612908,80.501624,10.0
alpha_ue_277,7.893285,80.628498,10.0
alpha_ue_278,7.538658,80.525165,10.0
alpha_ue_279,8.028570,80.755813,10.0
alpha_ue_280,7.645225,81.100417,10.0
alpha_ue_281,7.671093,80.987408,10.0
alpha_ue_282,7.699828,81.042775,10.0
alpha_ue_283,8.054839,80.396286,10.0
alpha_ue_284,8.014610,80.735873,10.0
alpha_ue_285,8.043053,80.453620,10.0
alpha_ue_286,7.525963,80.922177,10.0
alpha_ue_287,8.248837,80.688198,10.0
alpha_ue_288,7.956568,80.551735,10.0
alpha_ue_289,7.545368,80.806229,10.0
alpha_ue_290,7.837844,80.474669,10.0
alpha_ue_291,8.011892,80.583253,10.0
alpha_ue_292,8.223274,80.985880,10.0
alpha_ue_293,7.889357,81.197232,10.0
alpha_ue_294,7.637586,80.574276,10.0
alpha_ue_295,8.145126,80.821864,10.0
alpha_ue_296,8.045169,81.152301,10.0
alpha_ue_297,7.934339,80.572327,10.0
alpha_ue_298,8.064473,80.591109,10.0
alpha_ue_299,7.811305,81.146327,10.0
alpha_ue_300,7.915965,80.757155,10.0
alpha_ue_301,7.848535,80.641466,10.0
alpha_ue_302,7.889199,80.455277,10.0
alpha_ue_303,7.646002,80.472754,10.0
alpha_ue_304,7.956959,80.465621,10.0
alpha_ue_305,7.897423,80.907920,10.0
alpha_ue_306,7.743895,81.125660,10.0
alpha_ue_307,7.535398,80.829622,10.0
alpha_ue_308,7.581027,80.920861,10.0
alpha_ue_309,7.684528,81.114034,10.0
alpha_ue_310,7.823755,81.148661,10.0
alpha_ue_311,8.036632,80.928114,10.0
alpha_ue_312,8.017163,80.907608,10.0
alpha_ue_313,7.898258,80.440850,10.0
alpha_ue_314,7.913617,80.962571,10.0
alpha_ue_315,7.823403,80.460298,10.0
alpha_ue_316,7.434537,80.702713,10.0
alpha_ue_317,8.065941,80.914226,10.0
alpha_ue_318,7.901004,80.969580,10.0
alpha_ue_319,8.062613,80.788852,10.0
alpha_ue_320,7.823152,81.099328,10.0
alpha_ue_321,7.454439,80.624543,10.0
alpha_ue_322,8.136193,81.041701,10.0
alpha_ue_323,7.455213,80.796004,10.0
alpha_ue_324,7.498121,80.581716,10.0
alpha_ue_325,7.586649,80.885309,10.0
alpha_ue_326,8.055995,80.833562,10.0
alpha_ue_327,7.441640,80.833150,10.0
alpha_ue_328,7.542565,81.011974,10.0
alpha_ue_329,7.789103,80.682129,10.0
alpha_ue_330,7.934651,80.856423,10.0
alpha_ue_331,7.761279,81.092699,10.0
alpha_ue_332,8.202490,81.078028,10.0
alpha_ue_333,7.564803,80.526231,10.0
alpha_ue_334,7.933877,81.170311,10.0
alpha_ue_335,7.563978,80.872082,10.0
alpha_ue_336,8.063839,80.539538,10.0
alpha_ue_337,7.720710,81.195925,10.0
alpha_ue_338,7.599848,80.544671,10.0
alpha_ue_339,8.238740,80.645656,10.0
alpha_ue_340,7.922739,80.972324,10.0
alpha_ue_341,8.074349,81.079220,10.0
alpha_ue_342,8.039913,80.857691,10.0
alpha_ue_343,7.850981,80.778977,10.0
alpha_ue_344,7.784375,81.109534,10.0
alpha_ue_345,7.815365,80.561576,10.0
alpha_ue_346,7.512108,80.880086,10.0
alpha_ue_347,8.203737,80.598842,10.0
alpha_ue_348,7.591301,80.487112,10.0
alpha_ue_349,8.207060,80.622547,10.0
alpha_ue_350,7.591643,80.690098,10.0
alpha_ue_351,8.176344,80.573211,10.0
alpha_ue_352,8.241049,80.950627,10.0
alpha_ue_353,7.808309,80.944529,10.0
alpha_ue_354,7.520565,80.606492,10.0
alpha_ue_355,8.044415,80.943346,10.0
alpha_ue_356,7.757324,80.414126,10.0
alpha_ue_357,7.437010,80.770494,10.0
alpha_ue_358,8.149260,80.926075,10.0
alpha_ue_359,7.791480,80.809298,10.0
alpha_ue_360,7.872511,81.029227,10.0
alpha_ue_361,8.004968,80.739319,10.0
alpha_ue_362,7.507427,80.583125,10.0
alpha_ue_363,8.311062,80.770612,10.0
alpha_ue_364,7.828066,81.140789,10.0
alpha_ue_365,7.876648,80.680922,10.0
alpha_ue_366,7.694382,80.518456,10.0
alpha_ue_367,8.052493,81.166193,10.0
alpha_ue_368,7.645502,80.511893,10.0
alpha_ue_369,8.137706,80.944262,10.0
alpha_ue_370,7.740662,81.003457,10.0
alpha_ue_371,8.103413,80.482456,10.0
alpha_ue_372,7.783705,80.527540,10.0
alpha_ue_373,8.100077,80.689620,10.0
alpha_ue_374,7.487876,80.645181,10.0
alpha_ue_375,7.753642,81.052813,10.0
alpha_ue_376,8.124009,80.723786,10.0
alpha_ue_377,7.588750,80.745400,10.0
alpha_ue_378,7.628349,80.394829,10.0
alpha_ue_379,7.590193,80.944975,10.0
alpha_ue_380,7.747432,80.921708,10.0
alpha_ue_381,7.597581,80.492227,10.0
alpha_ue_382,7.985744,81.150378,10.0
alpha_ue_383,8.172182,80.624293,10.0
alpha_ue_384,7.778127,80.487400,10.0
alpha_ue_385,8.027391,80.745267,10.0
alpha_ue_386,7.896650,81.124813,10.0
alpha_ue_387,7.703393,80.715134,10.0
alpha_ue_388,8.151260,80.958052,10.0
alpha_ue_389,8.255213,80.536844,10.0
alpha_ue_390,8.098813,80.979049,10.0
alpha_ue_391,7.463393,80.776022,10.0
alpha_ue_392,7.493470,80.750414,10.0
alpha_ue_393,7.992305,80.567510,10.0
alpha_ue_394,7.890612,81.220380,10.0
alpha_ue_395,7.624918,80.996671,10.0
alpha_ue_396,7.442426,80.749268,10.0
alpha_ue_397,8.149697,80.451146,10.0
alpha_ue_398,7.931818,80.540970,10.0
alpha_ue_399,8.138087,80.654536,10.0
alpha_ue_400,8.010369,80.479932,10.0
alpha_ue_401,7.801349,81.001810,10.0
alpha_ue_402,8.217198,80.769404,10.0
alpha_ue_403,8.060074,81.026833,10.0
alpha_ue_404,7.687610,81.046876,10.0
alpha_ue_405,7.551764,80.681015,10.0
alpha_ue_406,7.740997,81.047179,10.0
alpha_ue_407,7.809906,80.585476,10.0
alpha_ue_408,7.908116,81.112844,10.0
alpha_ue_409,8.253867,80.879942,10.0
alpha_ue_410,7.765495,80.395888,10.0
alpha_ue_411,7.567805,81.039824,10.0
alpha_ue_412,8.030452,80.438303,10.0
alpha_ue_413,7.428465,80.784978,10.0
alpha_ue_414,7.786689,80.770544,10.0
alpha_ue_415,8.108833,80.517423,10.0
alpha_ue_416,7.482342,80.927107,10.0
alpha_ue_417,7.559217,80.859711,10.0
alpha_ue_418,7.550791,80.978351,10.0
alpha_ue_419,8.078594,81.074433,10.0
alpha_ue_420,8.175115,80.712057,10.0
alpha_ue_421,7.781035,80.524880,10.0
alpha_ue_422,8.089158,80.478489,10.0
alpha_ue_423,8.136098,80.448150,10.0
alpha_ue_424,7.760491,81.027155,10.0
alpha_ue_425,7.895581,80.388066,10.0
alpha_ue_426,8.281991,80.866519,10.0
alpha_ue_427,7.793301,80.684751,10.0
alpha_ue_428,8.304076,80.764763,10.0
alpha_ue_429,7.517886,80.929737,10.0
alpha_ue_430,7.779076,80.665828,10.0
alpha_ue_431,7.479533,80.918579,10.0
alpha_ue_432,8.180477,80.556397,10.0
alpha_ue_433,7.900637,80.678618,10.0
alpha_ue_434,7.701248,80.945634,10.0
alpha_ue_435,7.705006,80.738139,10.0
alpha_ue_436,7.962300,80.442794,10.0
alpha_ue_437,8.035952,80.860798,10.0
alpha_ue_438,7.567034,80.482706,10.0
alpha_ue_439,8.061277,80.655927,10.0
alpha_ue_440,7.708218,80.813258,10.0
alpha_ue_441,7.865526,81.000183,10.0
alpha_ue_442,7.887755,80.730409,10.0
alpha_ue_443,7.685780,80.385112,10.0
alpha_ue_444,7.706410,80.836319,10.0
alpha_ue_445,7.648035,80.632427,10.0
alpha_ue_446,7.553916,80.937746,10.0
alpha_ue_447,7.999711,80.584495,10.0
alpha_ue_448,7.722977,80.905930,10.0
alpha_ue_449,7.898172,81.085975,10.0
alpha_ue_450,7.570264,80.616484,10.0
alpha_ue_451,7.747625,81.205448,10.0
alpha_ue_452,7.630943,80.395898,10.0
alpha_ue_453,7.657686,80.676184,10.0
alpha_ue_454,7.860643,80.396512,10.0
alpha_ue_455,7.795045,80.709555,10.0
alpha_ue_456,8.133972,80.590774,10.0
alpha_ue_457,7.945714,80.540570,10.0
alpha_ue_458,7.663294,81.054557,10.0
alpha_ue_459,7.613235,80.522669,10.0
alpha_ue_460,7.805931,80.404718,10.0
alpha_ue_461,8.065272,80.458926,10.0
alpha_ue_462,8.165527,80.566817,10.0
alpha_ue_463,7.742424,81.111629,10.0
alpha_ue_464,7.611389,80.627474,10.0
alpha_ue_465,8.197469,80.979995,10.0
alpha_ue_466,7.869238,80.525509,10.0
alpha_ue_467,8.000084,80.912078,10.0
alpha_ue_468,8.197701,80.712463,10.0
alpha_ue_469,8.153184,80.600934,10.0
alpha_ue_470,7.855180,81.184615,10.0
alpha_ue_471,7.467861,80.818662,10.0
alpha_ue_472,7.864381,80.364694,10.0
alpha_ue_473,8.068998,80.946526,10.0
alpha_ue_474,8.152422,81.115975,10.0
alpha_ue_475,8.154867,80.428579,10.0
alpha_ue_476,8.252304,80.723298,10.0
alpha_ue_477,8.021658,80.351827,10.0
alpha_ue_478,7.941782,80.506479,10.0
alpha_ue_479,7.821503,80.759615,10.0
alpha_ue_480,7.731916,80.501265,10.0
alpha_ue_481,7.555579,80.583426,10.0
alpha_ue_482,8.252097,80.621128,10.0
alpha_ue_483,7.888102,80.920280,10.0
alpha_ue_484,7.926171,80.724107,10.0
alpha_ue_485,8.163049,80.599328,10.0
alpha_ue_486,8.067974,80.854328,10.0
alpha_ue_487,8.216475,80.549939,10.0
alpha_ue_488,7.666056,80.907605,10.0
alpha_ue_489,8.031543,80.715642,10.0
alpha_ue_490,7.625570,80.783388,10.0
alpha_ue_491,7.979440,80.679832,10.0
alpha_ue_492,7.714632,80.819759,10.0
alpha_ue_493,7.857253,80.400862,10.0
alpha_ue_494,7.491442,80.986376,10.0
alpha_ue_495,8.091568,81.094241,10.0
alpha_ue_496,8.108196,80.942013,10.0
alpha_ue_497,7.609824,80.944917,10.0
alpha_ue_498,8.302009,80.862082,10.0
alpha_ue_499,7.616811,80.867928,10.0
alpha_ue_500,8.142476,80.423258,10.0
alpha_ue_501,7.817429,80.640390,10.0
alpha_ue_502,8.201316,80.725371,10.0
alpha_ue_503,7.657340,80.933974,10.0
alpha_ue_504,8.013916,80.908971,10.0
alpha_ue_505,7.476107,80.889007,10.0
alpha_ue_506,7.643050,80.484869,10.0
alpha_ue_507,8.217066,80.818679,10.0
alpha_ue_508,7.889194,81.173670,10.0
alpha_ue_509,7.726655,80.708290,10.0
alpha_ue_510,7.884288,80.653569,10.0
alpha_ue_511,7.916502,80.973472,10.0
alpha_ue_512,7.674638,81.144181,10.0
alpha_ue_513,8.013020,80.669893,10.0
alpha_ue_514,7.888160,80.753043,10.0
alpha_ue_515,7.990061,80.897523,10.0
alpha_ue_516,7.975822,80.973742,10.0
alpha_ue_517,8.233508,80.831256,10.0
alpha_ue_518,7.886712,80.718261,10.0
alpha_ue_519,7.775145,80.969638,10.0
alpha_ue_520,8.050520,80.832996,10.0
alpha_ue_521,7.491458,80.708082,10.0
alpha_ue_522,7.489557,80.830022,10.0
alpha_ue_523,7.478291,80.738572,10.0
alpha_ue_524,7.724817,80.768189,10.0
alpha_ue_525,8.293714,80.890446,10.0
alpha_ue_526,8.139664,80.474117,10.0
alpha_ue_527,7.559963,80.857123,10.0
alpha_ue_528,8.282286,80.937833,10.0
alpha_ue_529,7.619770,80.953665,10.0
alpha_ue_530,7.501755,80.794750,10.0
alpha_ue_531,8.256631,80.964476,10.0
alpha_ue_532,7.773866,80.690715,10.0
alpha_ue_533,7.855081,80.886575,10.0
alpha_ue_534,7.532093,80.663863,10.0
alpha_ue_535,8.129085,80.763074,10.0
alpha_ue_536,7.559675,80.866501,10.0
alpha_ue_537,8.156895,80.977700,10.0
alpha_ue_538,8.099572,80.468461,10.0
alpha_ue_539,7.916174,80.408569,10.0
alpha_ue_540,7.956234,81.147513,10.0
alpha_ue_541,7.913761,81.073717,10.0
alpha_ue_542,7.622693,80.847835,10.0
alpha_ue_543,8.112612,80.936312,10.0
alpha_ue_544,7.723908,80.516735,10.0
alpha_ue_545,8.030912,80.998901,10.0
alpha_ue_546,8.266791,80.950148,10.0
alpha_ue_547,8.214442,81.000423,10.0
alpha_ue_548,7.863283,80.631247,10.0
alpha_ue_549,7.493538,80.630109,10.0
alpha_ue_550,7.554565,80.640760,10.0
alpha_ue_551,8.058594,80.952655,10.0
alpha_ue_552,7.737634,80.539427,10.0
alpha_ue_553,8.136007,80.482291,10.0
alpha_ue_554,8.247008,80.695851,10.0
alpha_ue_555,7.665630,81.053893,10.0
alpha_ue_556,7.952312,81.107098,10.0
alpha_ue_557,7.931746,81.134455,10.0
alpha_ue_558,7.956438,80.648627,10.0
alpha_ue_559,7.894645,80.497762,10.0
alpha_ue_560,7.992838,80.450206,10.0
alpha_ue_561,8.280750,80.705418,10.0
alpha_ue_562,7.565905,80.503296,10.0
alpha_ue_563,8.228293,80.831492,10.0
alpha_ue_564,8.080382,80.388093,10.0
alpha_ue_565,7.971451,80.984236,10.0
alpha_ue_566,7.736732,81.126091,10.0
alpha_ue_567,8.134740,80.781938,10.0
alpha_ue_568,7.490036,80.600631,10.0
alpha_ue_569,8.051758,80.995120,10.0
alpha_ue_570,8.223892,80.840871,10.0
alpha_ue_571,7.957417,81.154101,10.0
alpha_ue_572,7.715779,81.018971,10.0
alpha_ue_573,7.824596,80.500351,10.0
alpha_ue_574,7.512391,80.607126,10.0
alpha_ue_575,7.996930,80.814695,10.0
alpha_ue_576,7.741551,80.650444,10.0
alpha_ue_577,7.822056,81.140462,10.0
alpha_ue_578,7.509151,80.804990,10.0
alpha_ue_579,7.829785,81.070081,10.0
alpha_ue_580,8.167748,81.030137,10.0
alpha_ue_581,7.812027,81.062641,10.0
alpha_ue_582,7.504433,80.803132,10.0
alpha_ue_583,8.225126,80.876058,10.0
alpha_ue_584,7.643945,80.605219,10.0
alpha_ue_585,7.860597,80.809498,10.0
alpha_ue_586,8.007429,80.930041,10.0
alpha_ue_587,7.766076,80.973942,10.0
alpha_ue_588,7.872359,80.731942,10.0
alpha_ue_589,7.735691,80.901724,10.0
alpha_ue_590,7.496326,80.771173,10.0
alpha_ue_591,8.014897,80.383412,10.0
alpha_ue_592,7.950989,80.678870,10.0
alpha_ue_593,7.964840,80.782757,10.0
alpha_ue_594,8.152265,80.440188,10.0
alpha_ue_595,7.567892,80.618692,10.0
alpha_ue_596,7.544241,80.960627,10.0
alpha_ue_597,8.024224,80.791908,10.0
alpha_ue_598,7.954218,80.526716,10.0
alpha_ue_599,8.047147,80.461616,10.0
alpha_ue_600,8.239490,81.000479,10.0
alpha_ue_601,7.890428,81.188116,10.0
alpha_ue_602,7.532326,80.719610,10.0
alpha_ue_603,7.768628,81.036840,10.0
alpha_ue_604,7.742621,81.000826,10.0
alpha_ue_605,7.689328,80.759562,10.0
alpha_ue_606,7.721726,80.762232,10.0
alpha_ue_607,7.623178,81.121944,10.0
alpha_ue_608,8.033910,80.420810,10.0
alpha_ue_609,7.908041,81.179631,10.0
alpha_ue_610,7.929009,80.935883,10.0
alpha_ue_611,7.895460,80.420598,10.0
alpha_ue_612,8.033811,81.101117,10.0
alpha_ue_613,7.478509,80.786531,10.0
alpha_ue_614,7.897296,80.378714,10.0
alpha_ue_615,8.140506,80.632441,10.0
alpha_ue_616,7.650407,80.515835,10.0
alpha_ue_617,8.106572,80.501894,10.0
alpha_ue_618,8.080451,81.063585,10.0
alpha_ue_619,7.763382,80.813886,10.0
alpha_ue_620,7.834935,81.018326,10.0
alpha_ue_621,7.766760,80.766848,10.0
alpha_ue_622,7.634191,80.846971,10.0
alpha_ue_623,7.925709,80.677588,10.0
alpha_ue_624,7.954938,80.677194,10.0
alpha_ue_625,7.561527,80.494468,10.0
alpha_ue_626,7.562000,80.846758,10.0
alpha_ue_627,7.959958,80.445797,10.0
alpha_ue_628,7.468998,80.905105,10.0
alpha_ue_629,7.639312,80.438942,10.0
alpha_ue_630,7.621394,80.811017,10.0
alpha_ue_631,8.034538,80.838556,10.0
alpha_ue_632,7.989536,80.685410,10.0
alpha_ue_633,7.814576,80.512725,10.0
alpha_ue_634,8.022285,81.056498,10.0
alpha_ue_635,7.666417,80.857829,10.0
alpha_ue_636,7.578396,80.728985,10.0
alpha_ue_637,7.748278,80.901258,10.0
alpha_ue_638,7.672389,80.902595,10.0
alpha_ue_639,7.659706,80.619616,10.0
alpha_ue_640,7.633129,80.449967,10.0
alpha_ue_641,7.968674,80.836933,10.0
alpha_ue_642,7.794336,81.136699,10.0
alpha_ue_643,7.661440,80.450643,10.0
alpha_ue_644,8.172177,80.463279,10.0
alpha_ue_645,7.648030,80.641747,10.0
alpha_ue_646,7.773969,80.909867,10.0
alpha_ue_647,7.732556,80.348921,10.0
alpha_ue_648,7.640565,80.612177,10.0
alpha_ue_649,7.714025,81.180534,10.0
alpha_ue_650,7.944440,80.502991,10.0
alpha_ue_651,7.678233,80.413345,10.0
alpha_ue_652,7.844281,80.359991,10.0
alpha_ue_653,7.506347,80.709832,10.0
alpha_ue_654,7.553093,80.940499,10.0
alpha_ue_655,7.697508,80.979090,10.0
alpha_ue_656,7.915643,80.959463,10.0
alpha_ue_657,7.437481,80.809830,10.0
alpha_ue_658,8.011874,80.935966,10.0
alpha_ue_659,7.942860,80.667370,10.0
alpha_ue_660,7.891782,80.628836,10.0
alpha_ue_661,8.178733,80.495210,10.0
alpha_ue_662,7.827848,80.847126,10.0
alpha_ue_663,8.140360,81.062933,10.0
alpha_ue_664,8.017516,81.008862,10.0
alpha_ue_665,7.927229,80.361999,10.0
alpha_ue_666,8.077574,81.123551,10.0
alpha_ue_667,7.621355,80.931166,10.0
alpha_ue_668,7.902012,81.143562,10.0
alpha_ue_669,7.807930,81.066755,10.0
alpha_ue_670,7.504336,80.895537,10.0
alpha_ue_671,7.753293,81.080286,10.0
alpha_ue_672,7.476833,80.850679,10.0
alpha_ue_673,7.596206,81.077679,10.0
alpha_ue_674,8.308134,80.728726,10.0
alpha_ue_675,7.812580,81.073773,10.0
alpha_ue_676,7.599662,80.723695,10.0
alpha_ue_677,8.053249,80.364874,10.0
alpha_ue_678,8.132482,81.081916,10.0
alpha_ue_679,7.731234,80.596046,10.0
alpha_ue_680,7.477583,80.629350,10.0
alpha_ue_681,7.954629,80.652141,10.0
alpha_ue_682,7.782545,81.180017,10.0
alpha_ue_683,7.817104,81.163846,10.0
alpha_ue_684,8.130021,81.116559,10.0
alpha_ue_685,8.153499,80.672720,10.0
alpha_ue_686,7.671354,80.836383,10.0
alpha_ue_687,8.134947,80.816515,10.0
alpha_ue_688,7.769455,80.770480,10.0
alpha_ue_689,8.091067,80.764228,10.0
alpha_ue_690,8.143816,80.820715,10.0
alpha_ue_691,8.103400,80.401227,10.0
alpha_ue_692,7.966192,80.418531,10.0
alpha_ue_693,7.834837,80.935502,10.0
alpha_ue_694,7.737104,80.382250,10.0
alpha_ue_695,7.826957,80.609425,10.0
alpha_ue_696,8.173770,80.781818,10.0
alpha_ue_697,7.868395,80.899339,10.0
alpha_ue_698,7.481824,80.646730,10.0
alpha_ue_699,7.495885,80.704669,10.0
alpha_ue_700,7.837587,80.918683,10.0
alpha_ue_701,8.108574,80.845339,10.0
alpha_ue_702,7.952359,80.489110,10.0
alpha_ue_703,8.106039,80.968482,10.0
alpha_ue_704,7.522315,80.525439,10.0
alpha_ue_705,7.815787,80.766193,10.0
alpha_ue_706,8.010063,80.946798,10.0
alpha_ue_707,7.652132,80.575611,10.0
alpha_ue_708,7.682384,80.883117,10.0
alpha_ue_709,8.187498,80.961160,10.0
alpha_ue_710,8.277035,80.956473,10.0
alpha_ue_711,7.547673,80.756664,10.0
alpha_ue_712,7.452171,80.621367,10.0
alpha_ue_713,7.597366,80.824655,10.0
alpha_ue_714,8.228669,80.728834,10.0
alpha_ue_715,8.098134,80.795065,10.0
alpha_ue_716,7.649326,81.105096,10.0
alpha_ue_717,7.606816,80.491749,10.0
alpha_ue_718,7.836434,80.375253,10.0
alpha_ue_719,8.122118,80.843698,10.0
alpha_ue_720,8.002051,80.463072,10.0
alpha_ue_721,7.907322,80.585240,10.0
alpha_ue_722,7.770097,80.480745,10.0
alpha_ue_723,8.007637,80.437977,10.0
alpha_ue_724,7.891583,80.659438,10.0
alpha_ue_725,7.791184,81.067198,10.0
alpha_ue_726,7.902448,80.861960,10.0
alpha_ue_727,7.957106,80.734066,10.0
alpha_ue_728,8.194797,80.749570,10.0
alpha_ue_729,7.866209,81.105863,10.0
alpha_ue_730,8.014091,81.138702,10.0
alpha_ue_731,7.924779,80.505959,10.0
alpha_ue_732,7.667346,81.139036,10.0
alpha_ue_733,7.766068,80.889770,10.0
alpha_ue_734,7.855293,80.344537,10.0
alpha_ue_735,7.551540,81.052082,10.0
alpha_ue_736,7.430011,80.782473,10.0
alpha_ue_737,8.154757,80.625368,10.0
alpha_ue_738,7.975336,80.461783,10.0
alpha_ue_739,8.209954,80.955775,10.0
alpha_ue_740,8.026161,80.455592,10.0
alpha_ue_741,7.729576,81.073720,10.0
alpha_ue_742,7.805620,80.663074,10.0
alpha_ue_743,7.674363,80.620924,10.0
alpha_ue_744,7.764764,80.496759,10.0
alpha_ue_745,8.130036,80.842505,10.0
alpha_ue_746,7.621427,81.109924,10.0
alpha_ue_747,7.804140,81.219429,10.0
alpha_ue_748,8.294139,80.627480,10.0
alpha_ue_749,7.793199,80.677343,10.0
alpha_ue_750,7.958531,80.512458,10.0
alpha_ue_751,8.227154,80.662553,10.0
alpha_ue_752,7.740695,80.664614,10.0
alpha_ue_753,8.260665,80.858737,10.0
alpha_ue_754,7.893855,80.656110,10.0
alpha_ue_755,7.671623,80.956048,10.0
alpha_ue_756,7.605926,80.562329,10.0
alpha_ue_757,8.224257,80.653712,10.0
alpha_ue_758,7.895597,80.496174,10.0
alpha_ue_759,7.538643,80.708579,10.0
alpha_ue_760,7.705906,80.540831,10.0
alpha_ue_761,8.042866,80.919949,10.0
alpha_ue_762,7.487860,80.774136,10.0
alpha_ue_763,7.614405,80.665212,10.0
alpha_ue_764,7.858253,81.003309,10.0
alpha_ue_765,8.173074,80.764883,10.0
alpha_ue_766,8.080827,80.650397,10.0
alpha_ue_767,8.098972,80.993151,10.0
alpha_ue_768,7.477000,80.896075,10.0
alpha_ue_769,7.472378,80.917122,10.0
alpha_ue_770,7.817900,80.649553,10.0
alpha_ue_771,7.698218,81.149516,10.0
alpha_ue_772,8.116111,80.877849,10.0
alpha_ue_773,8.129682,80.561143,10.0
alpha_ue_774,7.774604,80.365411,10.0
alpha_ue_775,7.592610,80.439418,10.0
alpha_ue_776,7.473554,80.749588,10.0
alpha_ue_777,7.920535,80.922328,10.0
alpha_ue_778,7.915106,80.608232,10.0
alpha_ue_779,7.804436,80.747325,10.0
alpha_ue_780,7.963349,80.511902,10.0
alpha_ue_781,7.618678,80.553971,10.0
alpha_ue_782,7.825098,80.895806,10.0
alpha_ue_783,7.785823,80.327107,10.0
alpha_ue_784,7.912219,80.445422,10.0
alpha_ue_785,8.237675,80.955704,10.0
alpha_ue_786,7.595824,80.423135,10.0
alpha_ue_787,7.745002,80.496498,10.0
alpha_ue_788,8.062952,80.587142,10.0
alpha_ue_789,7.619806,80.463520,10.0
alpha_ue_790,8.060409,80.731108,10.0
alpha_ue_791,8.123243,80.613125,10.0
alpha_ue_792,7.948256,80.846876,10.0
alpha_ue_793,7.962863,80.924274,10.0
alpha_ue_794,7.808614,80.522600,10.0
alpha_ue_795,8.119305,80.675023,10.0
alpha_ue_796,8.113989,80.418447,10.0
alpha_ue_797,7.724465,80.601479,10.0
alpha_ue_798,8.108567,81.010017,10.0
alpha_ue_799,7.631380,80.719700,10.0
alpha_ue_800,8.028885,81.052149,10.0
alpha_ue_801,8.119903,81.134452,10.0
alpha_ue_802,7.806215,80.410033,10.0
alpha_ue_803,8.064984,80.477026,10.0
alpha_ue_804,8.026632,80.468722,10.0
alpha_ue_805,7.945692,80.793321,10.0
alpha_ue_806,7.554413,80.603340,10.0
alpha_ue_807,7.911647,80.407991,10.0
alpha_ue_808,7.686898,80.547489,10.0
alpha_ue_809,7.652031,80.542475,10.0
alpha_ue_810,8.105929,80.706148,10.0
alpha_ue_811,7.978257,80.475113,10.0
alpha_ue_812,7.763941,81.130533,10.0
alpha_ue_813,7.985937,80.816828,10.0
alpha_ue_814,7.576754,80.801500,10.0
alpha_ue_815,7.714100,80.644590,10.0
alpha_ue_816,7.823510,80.523284,10.0
alpha_ue_817,8.119865,80.473651,10.0
alpha_ue_818,8.175199,81.099713,10.0
alpha_ue_819,7.619948,80.667536,10.0
alpha_ue_820,7.624980,80.825361,10.0
alpha_ue_821,7.876137,81.006283,10.0
alpha_ue_822,7.838165,80.908403,10.0
alpha_ue_823,7.664717,80.585449,10.0
alpha_ue_824,8.021425,80.602617,10.0
alpha_ue_825,7.789174,80.931974,10.0
alpha_ue_826,7.742032,81.090021,10.0
alpha_ue_827,7.480755,80.776117,10.0
alpha_ue_828,7.550866,80.774335,10.0
alpha_ue_829,8.119949,80.808347,10.0
alpha_ue_830,7.436673,80.756722,10.0
alpha_ue_831,7.969043,81.206965,10.0
alpha_ue_832,8.126580,80.855906,10.0
alpha_ue_833,8.106590,80.556883,10.0
alpha_ue_834,7.515981,80.839196,10.0
alpha_ue_835,8.061750,80.499635,10.0
alpha_ue_836,8.091124,80.571414,10.0
alpha_ue_837,7.906413,80.386516,10.0
alpha_ue_838,7.652703,80.932213,10.0
alpha_ue_839,7.988687,81.093721,10.0
alpha_ue_840,8.172151,80.922132,10.0
alpha_ue_841,7.901927,80.451133,10.0
alpha_ue_842,8.110094,80.755375,10.0
alpha_ue_843,8.145064,81.025788,10.0
alpha_ue_844,7.524528,81.048656,10.0
alpha_ue_845,7.660473,81.114371,10.0
alpha_ue_846,7.886676,80.332643,10.0
alpha_ue_847,7.673034,80.760211,10.0
alpha_ue_848,8.177945,80.861845,10.0
alpha_ue_849,7.790230,80.917319,10.0
alpha_ue_850,7.575171,80.855119,10.0
alpha_ue_851,7.525034,80.737458,10.0
alpha_ue_852,7.678103,80.602453,10.0
alpha_ue_853,8.053847,80.761029,10.0
alpha_ue_854,7.755526,81.143169,10.0
alpha_ue_855,7.996136,80.540002,10.0
alpha_ue_856,7.789091,80.452025,10.0
alpha_ue_857,7.971830,80.544418,10.0
alpha_ue_858,7.747522,80.527541,10.0
alpha_ue_859,7.488566,80.546475,10.0
alpha_ue_860,7.811189,80.371918,10.0
alpha_ue_861,8.240458,80.834478,10.0
alpha_ue_862,8.175926,80.707630,10.0
alpha_ue_863,7.938135,80.376005,10.0
alpha_ue_864,7.812086,80.432732,10.0
alpha_ue_865,8.037423,81.075861,10.0
alpha_ue_866,7.613015,80.526059,10.0
alpha_ue_867,8.119868,81.104792,10.0
alpha_ue_868,8.236414,80.845524,10.0
alpha_ue_869,8.210282,81.053019,10.0
alpha_ue_870,7.849019,80.829268,10.0
alpha_ue_871,7.809268,80.607539,10.0
alpha_ue_872,7.918062,80.484898,10.0
alpha_ue_873,8.173612,80.459993,10.0
alpha_ue_874,8.229264,80.920153,10.0
alpha_ue_875,7.917301,80.934276,10.0
alpha_ue_876,7.738925,80.551612,10.0
alpha_ue_877,7.746138,81.074471,10.0
alpha_ue_878,8.032242,80.672827,10.0
alpha_ue_879,7.712963,80.982151,10.0
alpha_ue_880,7.801405,80.380033,10.0
alpha_ue_881,7.747484,80.430945,10.0
alpha_ue_882,7.997594,81.102913,10.0
alpha_ue_883,7.664780,80.691446,10.0
alpha_ue_884,8.083012,80.735379,10.0
alpha_ue_885,7.813649,81.011773,10.0
alpha_ue_886,7.816034,80.573565,10.0
alpha_ue_887,7.725990,80.979473,10.0
alpha_ue_888,7.995246,80.351369,10.0
alpha_ue_889,8.042413,80.936139,10.0
alpha_ue_890,7.604260,81.027643,10.0
alpha_ue_891,8.058323,80.363687,10.0
alpha_ue_892,8.020756,80.354611,10.0
alpha_ue_893,7.816398,81.009371,10.0
alpha_ue_894,7.657070,81.086863,10.0
alpha_ue_895,7.861008,81.073135,10.0
alpha_ue_896,7.965319,81.071518,10.0
alpha_ue_897,8.173967,80.635863,10.0
alpha_ue_898,8.116894,81.059132,10.0
alpha_ue_899,7.571832,80.587181,10.0
alpha_ue_900,7.766351,80.576260,10.0
alpha_ue_901,7.661224,80.519944,10.0
alpha_ue_902,7.785089,80.825633,10.0
alpha_ue_903,8.180100,80.998596,10.0
alpha_ue_904,8.267219,80.784758,10.0
alpha_ue_905,8.173790,80.626857,10.0
alpha_ue_906,8.136072,80.656983,10.0
alpha_ue_907,7.456357,80.831815,10.0
alpha_ue_908,8.068561,80.726278,10.0
alpha_ue_909,7.718225,80.567872,10.0
alpha_ue_910,8.235231,81.002069,10.0
alpha_ue_911,7.541035,80.696532,10.0
alpha_ue_912,8.225204,80.622388,10.0
alpha_ue_913,8.067809,81.157963,10.0
alpha_ue_914,8.062765,81.152230,10.0
alpha_ue_915,8.303761,80.764073,10.0
alpha_ue_916,7.590217,80.780085,10.0
alpha_ue_917,8.295540,80.668371,10.0
alpha_ue_918,8.182060,80.466659,10.0
alpha_ue_919,7.833744,80.753722,10.0
alpha_ue_920,8.019390,80.755959,10.0
alpha_ue_921,8.112137,80.755247,10.0
alpha_ue_922,7.542274,80.784581,10.0
alpha_ue_923,8.131207,80.418142,10.0
alpha_ue_924,7.981152,81.062189,10.0
alpha_ue_925,7.951871,80.901555,10.0
alpha_ue_926,7.859216,81.078648,10.0
alpha_ue_927,7.856823,80.576833,10.0
alpha_ue_928,7.509365,80.605223,10.0
alpha_ue_929,8.049465,81.123932,10.0
alpha_ue_930,8.204727,80.518931,10.0
alpha_ue_931,7.466524,80.732271,10.0
alpha_ue_932,7.808831,80.655079,10.0
alpha_ue_933,7.995598,80.922459,10.0
alpha_ue_934,7.876235,81.029719,10.0
alpha_ue_935,7.893938,81.002396,10.0
alpha_ue_936,8.246903,80.659681,10.0
alpha_ue_937,7.831251,80.526250,10.0
alpha_ue_938,7.845774,80.731923,10.0
alpha_ue_939,8.218824,80.915402,10.0
alpha_ue_940,7.819141,80.917881,10.0
alpha_ue_941,7.587148,80.767228,10.0
alpha_ue_942,7.750848,80.360943,10.0
alpha_ue_943,8.058447,80.941877,10.0
alpha_ue_944,7.753062,81.188538,10.0
alpha_ue_945,7.940975,81.120614,10.0
alpha_ue_946,7.966910,80.907789,10.0
alpha_ue_947,7.567318,80.530051,10.0
alpha_ue_948,7.597206,80.682782,10.0
alpha_ue_949,7.573427,80.699135,10.0
alpha_ue_950,7.945271,81.134055,10.0
alpha_ue_951,7.879753,80.546337,10.0
alpha_ue_952,8.238483,80.980264,10.0
alpha_ue_953,7.787111,80.481429,10.0
alpha_ue_954,7.757640,80.722082,10.0
alpha_ue_955,7.766445,80.738566,10.0
alpha_ue_956,7.586503,80.629607,10.0
alpha_ue_957,7.791145,80.926604,10.0
alpha_ue_958,8.114457,80.990007,10.0
alpha_ue_959,7.696691,80.669258,10.0
alpha_ue_960,7.737938,80.762892,10.0
alpha_ue_961,7.486353,80.889412,10.0
alpha_ue_962,7.563101,80.858898,10.0
alpha_ue_963,7.768176,80.797315,10.0
alpha_ue_964,7.805681,80.370218,10.0
alpha_ue_965,7.987709,80.510994,10.0
alpha_ue_966,7.531225,80.586806,10.0
alpha_ue_967,7.819607,80.851770,10.0
alpha_ue_968,7.986438,80.767574,10.0
alpha_ue_969,8.267122,80.955992,10.0
alpha_ue_970,8.298529,80.858589,10.0
alpha_ue_971,7.907255,80.483922,10.0
alpha_ue_972,8.262526,80.717947,10.0
alpha_ue_973,7.556384,80.946628,10.0
alpha_ue_974,7.542118,81.075915,10.0
alpha_ue_975,8.222118,80.538027,10.0
alpha_ue_976,7.760179,80.518350,10.0
alpha_ue_977,7.518792,80.681638,10.0
alpha_ue_978,7.663810,81.071342,10.0
alpha_ue_979,7.688525,80.727365,10.0
alpha_ue_980,7.827805,80.445245,10.0
alpha_ue_981,8.085006,80.776469,10.0
alpha_ue_982,7.852835,80.837037,10.0
alpha_ue_983,7.518771,80.669229,10.0
alpha_ue_984,8.018806,80.475610,10.0
alpha_ue_985,7.746155,80.957447,10.0
alpha_ue_986,8.090916,80.680574,10.0
alpha_ue_987,8.163378,81.023179,10.0
alpha_ue_988,7.519909,80.970037,10.0
alpha_ue_989,8.165944,80.507033,10.0
alpha_ue_990,7.888407,80.826371,10.0
alpha_ue_991,8.012608,80.801960,10.0
alpha_ue_992,7.772629,80.436217,10.0
alpha_ue_993,7.867214,80.671938,10.0
alpha_ue_994,7.901086,81.057994,10.0
alpha_ue_995,8.010296,80.612152,10.0
alpha_ue_996,7.766422,80.769163,10.0
alpha_ue_997,7.970133,80.548469,10.0
alpha_ue_998,7.711932,81.123833,10.0
alpha_ue_999,7.710645,80.461906,10.0
alpha_ue_1000,7.791826,81.015103,10.0
